Load, Sort, Deleted bitset computation, Update ASTree, Prune ASTree
3 , 1 , 185 , 5 , 14 , 47
0 , 0 , 103 , 2 , 19 , 42
0 , 0 , 73 , 3 , 7 , 31
0 , 0 , 71 , 3 , 8 , 35
0 , 0 , 66 , 4 , 6 , 32
0 , 0 , 66 , 3 , 15 , 30
0 , 0 , 68 , 2 , 8 , 33
0 , 0 , 54 , 2 , 7 , 27
0 , 0 , 54 , 2 , 7 , 38
1 , 0 , 50 , 2 , 6 , 21
0 , 0 , 39 , 2 , 8 , 17
0 , 0 , 49 , 1 , 5 , 18
0 , 0 , 45 , 1 , 4 , 16
0 , 0 , 29 , 1 , 6 , 15
1 , 0 , 29 , 1 , 3 , 14
0 , 0 , 31 , 1 , 3 , 12
0 , 0 , 15 , 1 , 2 , 7
0 , 0 , 12 , 5 , 2 , 10
0 , 0 , 10 , 2 , 8 , 5
