Load, Sort, Deleted bitset computation, Update ASTree, Prune ASTree
10 , 1 , 728 , 28 , 415 , 4908
0 , 0 , 472 , 7 , 223 , 4036
0 , 0 , 391 , 8 , 221 , 3993
0 , 0 , 384 , 7 , 170 , 4250
0 , 0 , 402 , 8 , 226 , 3873
0 , 0 , 388 , 10 , 162 , 3338
0 , 0 , 360 , 8 , 157 , 3311
0 , 0 , 349 , 8 , 198 , 2962
0 , 0 , 276 , 6 , 160 , 2664
0 , 0 , 320 , 7 , 224 , 2737
0 , 0 , 217 , 6 , 183 , 2288
0 , 0 , 216 , 6 , 157 , 2067
0 , 0 , 189 , 7 , 131 , 1706
0 , 0 , 146 , 5 , 94 , 1470
0 , 0 , 147 , 6 , 74 , 1363
0 , 0 , 129 , 4 , 32 , 1223
0 , 0 , 99 , 7 , 44 , 1266
0 , 0 , 74 , 8 , 43 , 1120
0 , 0 , 38 , 5 , 20 , 974
0 , 0 , 19 , 3 , 5 , 923
