Load, Sort, Deleted bitset computation, Update ASTree, Prune ASTree
2 , 1 , 75 , 2 , 5 , 58
0 , 0 , 30 , 1 , 11 , 75
0 , 0 , 18 , 1 , 3 , 42
0 , 0 , 17 , 1 , 4 , 44
0 , 0 , 17 , 0 , 3 , 41
0 , 0 , 22 , 1 , 3 , 38
1 , 0 , 27 , 1 , 4 , 42
0 , 0 , 20 , 0 , 4 , 39
1 , 0 , 27 , 0 , 4 , 38
0 , 0 , 19 , 0 , 3 , 42
0 , 0 , 23 , 2 , 3 , 38
0 , 0 , 18 , 1 , 2 , 45
0 , 0 , 15 , 0 , 2 , 34
0 , 0 , 22 , 1 , 2 , 33
0 , 0 , 24 , 0 , 2 , 35
0 , 0 , 16 , 0 , 3 , 34
0 , 0 , 20 , 1 , 4 , 33
0 , 1 , 22 , 1 , 2 , 39
0 , 0 , 25 , 0 , 2 , 37
0 , 0 , 11 , 1 , 4 , 44
0 , 0 , 11 , 1 , 2 , 32
0 , 0 , 19 , 1 , 2 , 32
0 , 0 , 15 , 1 , 3 , 38
0 , 0 , 13 , 0 , 2 , 41
0 , 0 , 13 , 0 , 3 , 30
0 , 0 , 15 , 1 , 3 , 33
0 , 0 , 13 , 0 , 2 , 39
0 , 0 , 15 , 0 , 3 , 31
0 , 0 , 15 , 1 , 2 , 31
0 , 1 , 11 , 0 , 2 , 35
0 , 0 , 10 , 1 , 4 , 31
0 , 0 , 17 , 1 , 4 , 32
0 , 0 , 12 , 1 , 2 , 34
0 , 0 , 11 , 0 , 2 , 29
0 , 0 , 13 , 1 , 3 , 30
0 , 0 , 10 , 0 , 3 , 31
0 , 0 , 10 , 0 , 3 , 30
0 , 0 , 9 , 1 , 2 , 37
0 , 0 , 12 , 1 , 2 , 29
0 , 0 , 10 , 2 , 3 , 28
0 , 0 , 10 , 1 , 2 , 31
1 , 0 , 12 , 0 , 3 , 28
0 , 0 , 8 , 0 , 1 , 25
0 , 0 , 12 , 1 , 2 , 28
0 , 0 , 8 , 1 , 2 , 40
0 , 0 , 23 , 0 , 1 , 24
0 , 0 , 27 , 1 , 2 , 23
0 , 0 , 10 , 0 , 2 , 26
1 , 0 , 10 , 0 , 3 , 20
0 , 0 , 10 , 12 , 6 , 26
0 , 0 , 9 , 0 , 2 , 20
0 , 0 , 8 , 0 , 3 , 22
0 , 0 , 11 , 0 , 2 , 20
0 , 0 , 7 , 1 , 2 , 21
0 , 0 , 11 , 0 , 1 , 19
0 , 0 , 7 , 0 , 1 , 17
0 , 0 , 10 , 1 , 2 , 20
0 , 0 , 7 , 0 , 2 , 18
0 , 0 , 7 , 0 , 2 , 21
0 , 0 , 7 , 0 , 3 , 18
0 , 0 , 6 , 0 , 1 , 17
0 , 0 , 8 , 1 , 1 , 17
0 , 0 , 6 , 0 , 1 , 16
0 , 0 , 9 , 1 , 2 , 19
0 , 0 , 6 , 1 , 2 , 15
0 , 0 , 7 , 0 , 2 , 15
0 , 0 , 6 , 0 , 2 , 20
0 , 0 , 6 , 0 , 1 , 14
0 , 0 , 6 , 0 , 2 , 14
0 , 0 , 5 , 0 , 3 , 13
0 , 0 , 5 , 0 , 1 , 14
0 , 0 , 5 , 2 , 1 , 13
0 , 0 , 5 , 0 , 1 , 13
0 , 0 , 5 , 0 , 1 , 12
0 , 0 , 6 , 0 , 2 , 11
0 , 0 , 4 , 1 , 1 , 10
0 , 0 , 4 , 1 , 1 , 9
0 , 0 , 6 , 0 , 1 , 11
0 , 0 , 9 , 0 , 1 , 9
0 , 0 , 5 , 0 , 1 , 8
0 , 0 , 4 , 0 , 1 , 9
0 , 0 , 3 , 0 , 0 , 8
0 , 0 , 4 , 0 , 0 , 10
0 , 0 , 3 , 0 , 1 , 9
0 , 0 , 4 , 0 , 1 , 8
0 , 0 , 2 , 1 , 1 , 7
0 , 0 , 3 , 1 , 0 , 8
0 , 0 , 4 , 1 , 1 , 7
0 , 0 , 2 , 1 , 1 , 7
0 , 0 , 3 , 0 , 1 , 6
0 , 0 , 2 , 1 , 0 , 6
0 , 0 , 2 , 1 , 0 , 8
0 , 0 , 2 , 0 , 1 , 11
0 , 0 , 2 , 1 , 0 , 5
0 , 0 , 1 , 0 , 1 , 4
0 , 1 , 1 , 1 , 0 , 4
0 , 0 , 1 , 0 , 1 , 3
0 , 0 , 1 , 0 , 0 , 3
0 , 0 , 0 , 1 , 0 , 21
