Load, Sort, Deleted bitset computation, Update ASTree, Prune ASTree
4 , 1 , 325 , 6 , 397 , 5095
0 , 0 , 98 , 2 , 49 , 4844
0 , 0 , 96 , 3 , 58 , 4426
0 , 0 , 77 , 2 , 54 , 4359
0 , 0 , 89 , 2 , 44 , 4526
0 , 0 , 88 , 2 , 47 , 4145
0 , 0 , 81 , 3 , 35 , 4040
0 , 0 , 82 , 2 , 33 , 4017
0 , 0 , 82 , 7 , 65 , 3989
0 , 0 , 78 , 2 , 55 , 3968
0 , 0 , 81 , 1 , 56 , 3860
0 , 0 , 70 , 2 , 48 , 3752
0 , 0 , 69 , 1 , 41 , 3675
0 , 0 , 75 , 1 , 27 , 3642
0 , 0 , 69 , 2 , 27 , 3559
0 , 0 , 70 , 2 , 37 , 3525
0 , 0 , 68 , 2 , 20 , 3526
1 , 0 , 68 , 1 , 28 , 3646
0 , 1 , 63 , 1 , 19 , 3429
0 , 0 , 68 , 2 , 19 , 3420
0 , 0 , 65 , 1 , 20 , 3418
0 , 0 , 62 , 2 , 18 , 3395
0 , 0 , 66 , 2 , 24 , 3504
0 , 0 , 62 , 1 , 33 , 3428
0 , 1 , 64 , 2 , 29 , 3255
0 , 0 , 60 , 2 , 43 , 3287
0 , 0 , 59 , 1 , 16 , 3261
0 , 0 , 59 , 3 , 28 , 3308
0 , 0 , 60 , 2 , 46 , 3186
0 , 0 , 58 , 1 , 24 , 3134
0 , 0 , 60 , 1 , 33 , 3069
0 , 0 , 56 , 1 , 32 , 3081
0 , 0 , 57 , 1 , 20 , 3010
0 , 0 , 55 , 2 , 22 , 3275
1 , 0 , 1534 , 1 , 48 , 3174
0 , 0 , 53 , 1 , 39 , 2947
0 , 0 , 54 , 1 , 36 , 2842
0 , 0 , 53 , 3 , 34 , 2742
0 , 0 , 52 , 2 , 40 , 2791
0 , 0 , 49 , 1 , 20 , 2701
0 , 0 , 49 , 1 , 17 , 2686
0 , 0 , 50 , 1 , 38 , 2729
0 , 0 , 55 , 3 , 37 , 2565
0 , 0 , 45 , 1 , 23 , 2586
0 , 0 , 47 , 1 , 27 , 2583
0 , 0 , 230 , 2 , 68 , 2636
0 , 0 , 46 , 1 , 32 , 2412
0 , 0 , 45 , 1 , 19 , 2509
0 , 0 , 43 , 1 , 37 , 2314
0 , 0 , 40 , 2 , 36 , 2225
0 , 0 , 38 , 1 , 34 , 2552
0 , 0 , 38 , 1 , 30 , 2127
0 , 0 , 37 , 1 , 22 , 2080
0 , 0 , 36 , 1 , 25 , 2129
0 , 0 , 43 , 1 , 21 , 2142
0 , 0 , 35 , 1 , 26 , 2010
0 , 0 , 37 , 1 , 19 , 2009
0 , 1 , 35 , 2 , 43 , 2125
0 , 0 , 38 , 1 , 34 , 1988
0 , 0 , 32 , 1 , 31 , 1897
0 , 0 , 37 , 2 , 31 , 1865
0 , 0 , 35 , 1 , 19 , 1888
0 , 0 , 36 , 1 , 27 , 1775
0 , 0 , 31 , 1 , 31 , 1723
0 , 0 , 28 , 1 , 18 , 1624
0 , 0 , 26 , 1 , 18 , 1530
0 , 0 , 26 , 2 , 16 , 1502
1 , 0 , 28 , 1 , 19 , 1459
0 , 0 , 27 , 1 , 17 , 1404
1 , 0 , 27 , 1 , 14 , 1548
0 , 0 , 29 , 2 , 19 , 1372
0 , 0 , 25 , 1 , 11 , 1328
0 , 0 , 21 , 1 , 13 , 1274
0 , 0 , 22 , 1 , 13 , 1256
0 , 0 , 18 , 2 , 8 , 1214
0 , 0 , 17 , 1 , 9 , 1191
0 , 0 , 15 , 1 , 9 , 1166
0 , 0 , 18 , 0 , 4 , 1173
0 , 0 , 17 , 1 , 6 , 1162
0 , 0 , 16 , 1 , 10 , 1134
0 , 0 , 16 , 1 , 9 , 1159
0 , 0 , 14 , 1 , 10 , 1248
0 , 0 , 15 , 1 , 7 , 1192
1 , 0 , 11 , 1 , 7 , 1159
0 , 0 , 12 , 1 , 5 , 1118
0 , 0 , 10 , 1 , 5 , 1093
0 , 0 , 13 , 1 , 3 , 1152
0 , 0 , 10 , 2 , 7 , 1078
0 , 0 , 9 , 2 , 7 , 1060
0 , 0 , 7 , 2 , 7 , 1019
0 , 0 , 8 , 1 , 4 , 1002
0 , 0 , 6 , 1 , 3 , 980
0 , 0 , 6 , 1 , 3 , 964
0 , 0 , 6 , 0 , 4 , 960
0 , 0 , 5 , 0 , 3 , 1010
0 , 0 , 4 , 0 , 3 , 977
0 , 0 , 5 , 1 , 2 , 990
0 , 0 , 3 , 0 , 2 , 1057
0 , 0 , 2 , 1 , 1 , 1031
0 , 0 , 2 , 0 , 1 , 969
