Load, Inserted bitset computation, Update ASTree
87 , 604 , 1
6 , 419 , 2
7 , 470 , 1
9 , 715 , 1
8 , 682 , 1
16 , 1143 , 0
2 , 1130 , 1
3 , 939 , 1
2 , 1367 , 0
2 , 2132 , 0
3 , 894 , 1
2 , 4754 , 1
9 , 6274 , 8
4 , 4906 , 0
1 , 3261 , 0
1 , 2580 , 1
2 , 1564 , 1
1 , 1698 , 0
2 , 3927 , 0
2 , 860 , 0
1 , 900 , 0
4 , 1137 , 0
2 , 997 , 0
1 , 1027 , 1
2 , 1139 , 0
1 , 1701 , 0
2 , 1162 , 0
2 , 1630 , 0
3 , 3091 , 0
2 , 1460 , 0
2 , 1511 , 0
2 , 2229 , 0
2 , 5545 , 1
1 , 3462 , 0
23 , 3104 , 0
1 , 3255 , 0
3 , 6261 , 0
17 , 6307 , 1
4 , 11650 , 1
2 , 5705 , 0
2 , 3224 , 0
2 , 14051 , 0
3 , 2525 , 0
4 , 2656 , 1
1 , 5900 , 1
7 , 8015 , 0
1 , 8787 , 0
2 , 12569 , 5
81 , 7819 , 0
8 , 5581 , 1
1 , 4495 , 0
3 , 3496 , 1
5 , 4480 , 0
2 , 4203 , 0
7 , 6877 , 0
3 , 5891 , 0
1 , 8973 , 1
1 , 7631 , 0
2 , 4386 , 0
2 , 4429 , 0
4 , 22373 , 0
11 , 14414 , 1
3 , 41401 , 1
3 , 5440 , 1
8 , 6158 , 1
2 , 7952 , 1
2 , 36130 , 10
30 , 20913 , 1
1 , 25114 , 0
3 , 11923 , 2
7 , 17006 , 1
1 , 6026 , 0
2 , 10495 , 406
2 , 32372 , 1
3 , 20522 , 0
2 , 11707 , 2
22 , 39026 , 14
13 , 29410 , 2
12 , 18249 , 0
7 , 18135 , 1
5 , 26011 , 1
23 , 46917 , 1
27 , 17261 , 1
4 , 19147 , 6
5 , 17527 , 1
4 , 33669 , 2
7 , 17595 , 0
4 , 19767 , 3
7 , 18864 , 1
6 , 25670 , 1
9 , 28602 , 1
5 , 14230 , 1
3 , 11034 , 1
2 , 65796 , 4
10 , 23340 , 1
3 , 16459 , 1
3 , 89734 , 2
10 , 19670 , 1
9 , 23139 , 1
7 , 25173 , 0
13 , 25833 , 1
10 , 45635 , 3
7 , 21378 , 1
7 , 23607 , 1
11 , 20806 , 1
11 , 23769 , 1
9 , 48916 , 2
8 , 17181 , 1
2 , 16471 , 0
5 , 13459 , 0
3 , 39241 , 1
5 , 12845 , 0
4 , 14870 , 0
7 , 24845 , 0
28 , 23364 , 1
5 , 25101 , 0
5 , 51631 , 2
8 , 29801 , 1
4 , 23858 , 0
13 , 26479 , 1
4 , 26801 , 2
10 , 72533 , 1
11 , 29127 , 5
12 , 33225 , 0
7 , 25876 , 0
6 , 31051 , 1
13 , 29595 , 1
4 , 61776 , 3
9 , 31857 , 1
7 , 29486 , 1
6 , 27577 , 0
8 , 33250 , 0
17 , 68665 , 1
7 , 27515 , 1
5 , 29517 , 1
6 , 26300 , 1
6 , 22167 , 2
5 , 27223 , 1
15 , 24084 , 1
15 , 65070 , 1
5 , 35459 , 2
5 , 532186 , 5
17 , 43915 , 0
5 , 36867 , 2
12 , 42807 , 0
5 , 49675 , 2
16 , 43903 , 2
6 , 86092 , 0
9 , 39872 , 1
6 , 35781 , 1
9 , 29809 , 0
5 , 42647 , 1
9 , 31568 , 1
7 , 34533 , 2
4 , 90264 , 3
7 , 47139 , 2
7 , 34143 , 1
7 , 30044 , 0
10 , 32497 , 1
11 , 34325 , 1
16 , 203599 , 9
17 , 41302 , 1
8 , 36094 , 27
98 , 35289 , 3
9 , 38133 , 1
10 , 38373 , 3
15 , 40046 , 1
6 , 81557 , 1
11 , 39141 , 3
9 , 48901 , 1
7 , 40404 , 4
17 , 41887 , 2
8 , 38634 , 2
8 , 43619 , 1
9 , 82873 , 1
16 , 44717 , 6
8 , 41949 , 1
9 , 39293 , 1
10 , 42357 , 1
12 , 40662 , 1
12 , 36403 , 1
6 , 223665 , 5
11 , 42817 , 2
6 , 46560 , 1
35 , 49741 , 7
8 , 44615 , 1
19 , 50107 , 1
8 , 81246 , 0
8 , 43406 , 3
37 , 43533 , 0
11 , 46391 , 1
9 , 60245 , 1
14 , 58529 , 3
21 , 54586 , 1
9 , 94136 , 5
11 , 54152 , 2
17 , 51245 , 3
7 , 59878 , 1
14 , 49064 , 2
6 , 54714 , 2
9 , 260053 , 9
13 , 44230 , 1
14 , 51437 , 2
