Load, Inserted bitset computation, Update ASTree, Number of evidence vectors
12 , 96 , 111 , 1641
10 , 79 , 337 , 1707
21 , 188 , 482 , 1331
5 , 204 , 833 , 1278
4 , 202 , 941 , 1670
4 , 321 , 399 , 1597
3 , 278 , 724 , 1790
3 , 310 , 2065 , 1650
2 , 686 , 653 , 1357
3 , 348 , 1265 , 1821
2 , 381 , 3406 , 1625
3 , 396 , 3694 , 1477
2 , 433 , 391 , 1178
4 , 465 , 494 , 1310
2 , 493 , 558 , 1060
3 , 6031 , 1437 , 1014
2 , 572 , 4720 , 1406
2 , 596 , 1174 , 1330
2 , 640 , 6142 , 1452
1 , 11 , 7 , 28
