Load, Inserted bitset computation, Update ASTree, Number of evidence vectors
17 , 146 , 126 , 1641
14 , 96 , 345 , 1707
4 , 146 , 512 , 1331
4 , 155 , 734 , 1278
1 , 165 , 799 , 1670
1 , 185 , 375 , 1597
2 , 273 , 633 , 1790
2 , 443 , 2845 , 1650
1 , 311 , 662 , 1357
2 , 358 , 1763 , 1821
4 , 5547 , 5895 , 1625
2 , 443 , 709 , 1477
2 , 453 , 1369 , 1178
3 , 497 , 8804 , 1310
2 , 594 , 444 , 1060
2 , 704 , 1544 , 1014
21 , 737 , 10810 , 1406
3 , 682 , 2264 , 1330
2 , 3679 , 8176 , 1452
1 , 35 , 21 , 28
