Load, Inserted bitset computation, Update ASTree, Number of evidence vectors
3 , 15 , 3 , 82
3 , 18 , 2 , 75
18 , 19 , 2 , 67
1 , 23 , 3 , 68
2 , 23 , 1 , 57
1 , 24 , 3 , 61
2 , 36 , 1 , 54
1 , 32 , 3 , 60
1 , 22 , 3 , 51
1 , 31 , 2 , 57
1 , 25 , 3 , 51
1 , 36 , 2 , 55
4 , 32 , 2 , 56
1 , 30 , 10 , 54
3 , 34 , 2 , 53
1 , 49 , 2 , 53
2 , 46 , 2 , 52
9 , 31 , 2 , 50
0 , 39 , 5 , 54
0 , 42 , 2 , 51
1 , 35 , 2 , 49
4 , 52 , 3 , 50
1 , 46 , 2 , 49
1 , 52 , 2 , 51
1 , 45 , 1 , 50
0 , 40 , 2 , 52
1 , 41 , 2 , 51
1 , 42 , 1 , 54
1 , 45 , 2 , 45
1 , 50 , 2 , 48
1 , 65 , 2 , 50
1 , 47 , 3 , 50
2 , 47 , 1 , 52
1 , 55 , 1 , 47
0 , 70 , 1 , 51
1 , 38 , 2 , 52
1 , 56 , 2 , 49
1 , 48 , 2 , 50
1 , 45 , 2 , 51
0 , 53 , 2 , 51
0 , 42 , 2 , 49
0 , 66 , 2 , 47
0 , 50 , 6 , 47
2 , 69 , 3 , 47
1 , 78 , 2 , 50
1 , 68 , 3 , 43
1 , 68 , 3 , 48
0 , 83 , 3 , 51
1 , 87 , 2 , 50
1 , 79 , 2 , 49
1 , 126 , 2 , 47
0 , 49 , 1 , 45
0 , 43 , 1 , 48
0 , 39 , 1 , 50
1 , 72 , 2 , 46
1 , 52 , 1 , 47
0 , 50 , 2 , 44
2 , 60 , 2 , 49
1 , 58 , 2 , 48
2 , 48 , 2 , 42
3 , 121 , 2 , 48
1 , 43 , 1 , 46
1 , 51 , 1 , 41
1 , 45 , 2 , 47
1 , 64 , 1 , 45
2 , 65 , 2 , 44
2 , 56 , 2 , 41
1 , 66 , 2 , 47
1 , 63 , 2 , 49
1 , 80 , 2 , 43
1 , 67 , 2 , 46
1 , 86 , 2 , 44
1 , 88 , 2 , 44
1 , 79 , 2 , 46
1 , 85 , 1 , 45
1 , 108 , 3 , 44
1 , 119 , 2 , 45
1 , 112 , 2 , 47
1 , 120 , 3 , 46
1 , 130 , 3 , 49
2 , 123 , 3 , 43
3 , 137 , 3 , 45
2 , 219 , 1 , 43
2 , 69 , 2 , 43
1 , 75 , 2 , 40
1 , 79 , 2 , 39
1 , 81 , 2 , 46
1 , 89 , 2 , 40
1 , 94 , 2 , 42
0 , 114 , 2 , 42
1 , 147 , 2 , 47
2 , 125 , 7 , 44
2 , 98 , 2 , 45
1 , 105 , 2 , 46
1 , 107 , 3 , 44
1 , 484 , 2 , 42
1 , 84 , 3 , 41
1 , 93 , 2 , 41
1 , 95 , 1 , 41
0 , 91 , 2 , 41
1 , 105 , 2 , 38
1 , 104 , 2 , 42
1 , 106 , 2 , 43
1 , 96 , 2 , 39
1 , 114 , 2 , 44
1 , 108 , 3 , 45
1 , 119 , 2 , 47
1 , 134 , 2 , 42
1 , 122 , 2 , 42
1 , 130 , 2 , 41
1 , 142 , 3 , 40
1 , 140 , 3 , 39
1 , 133 , 3 , 43
1 , 141 , 2 , 38
0 , 168 , 3 , 41
1 , 176 , 3 , 43
2 , 177 , 3 , 41
1 , 184 , 3 , 44
1 , 187 , 2 , 40
1 , 190 , 2 , 45
1 , 192 , 2 , 45
1 , 196 , 3 , 40
1 , 198 , 3 , 38
1 , 378 , 1 , 46
1 , 109 , 1 , 37
1 , 128 , 3 , 42
1 , 129 , 3 , 45
1 , 126 , 2 , 45
1 , 139 , 3 , 39
1 , 136 , 3 , 40
1 , 167 , 2 , 39
1 , 134 , 2 , 37
1 , 201 , 2 , 39
2 , 146 , 3 , 41
1 , 159 , 3 , 37
1 , 163 , 3 , 43
1 , 156 , 2 , 38
1 , 169 , 3 , 35
1 , 163 , 2 , 40
1 , 911 , 2 , 41
1 , 143 , 2 , 33
1 , 150 , 2 , 34
2 , 150 , 3 , 40
1 , 150 , 2 , 43
0 , 155 , 3 , 34
0 , 168 , 2 , 41
1 , 165 , 3 , 36
1 , 163 , 3 , 36
1 , 173 , 2 , 34
1 , 177 , 3 , 38
1 , 179 , 2 , 36
2 , 182 , 3 , 39
1 , 183 , 3 , 40
1 , 186 , 2 , 38
1 , 195 , 2 , 42
2 , 187 , 3 , 33
1 , 192 , 2 , 39
1 , 194 , 2 , 44
1 , 194 , 3 , 38
1 , 200 , 4 , 41
1 , 194 , 3 , 42
2 , 203 , 3 , 46
1 , 206 , 2 , 41
1 , 206 , 2 , 37
1 , 219 , 2 , 44
2 , 217 , 3 , 46
1 , 250 , 4 , 39
0 , 214 , 3 , 41
1 , 219 , 2 , 41
1 , 228 , 4 , 37
1 , 263 , 3 , 41
1 , 341 , 1 , 41
1 , 162 , 3 , 41
1 , 171 , 3 , 39
0 , 172 , 3 , 40
1 , 174 , 3 , 42
1 , 179 , 2 , 38
1 , 195 , 2 , 37
1 , 185 , 2 , 43
1 , 192 , 2 , 35
0 , 202 , 3 , 40
1 , 196 , 2 , 34
1 , 202 , 3 , 34
1 , 207 , 3 , 40
1 , 207 , 3 , 39
1 , 215 , 3 , 31
1 , 1180 , 2 , 37
2 , 253 , 3 , 29
2 , 250 , 3 , 38
2 , 225 , 2 , 35
1 , 239 , 3 , 42
1 , 232 , 3 , 39
1 , 240 , 3 , 37
1 , 253 , 3 , 35
1 , 238 , 3 , 34
1 , 247 , 3 , 40
2 , 239 , 2 , 44
0 , 254 , 3 , 36
1 , 250 , 3 , 36
1 , 262 , 3 , 33
1 , 262 , 2 , 38
1 , 257 , 2 , 39
0 , 268 , 3 , 39
1 , 263 , 3 , 37
0 , 266 , 3 , 41
1 , 268 , 3 , 33
2 , 272 , 2 , 41
1 , 266 , 3 , 39
1 , 282 , 3 , 38
1 , 454 , 2 , 35
1 , 217 , 2 , 34
2 , 211 , 3 , 31
1 , 220 , 3 , 37
1 , 217 , 2 , 39
1 , 225 , 2 , 35
2 , 225 , 3 , 37
1 , 230 , 2 , 38
1 , 231 , 2 , 27
1 , 247 , 3 , 26
1 , 290 , 4 , 35
1 , 296 , 3 , 39
1 , 297 , 3 , 40
1 , 298 , 3 , 42
1 , 307 , 4 , 36
1 , 309 , 3 , 37
1 , 307 , 3 , 40
1 , 311 , 3 , 30
1 , 323 , 3 , 33
0 , 292 , 3 , 31
1 , 298 , 3 , 36
0 , 290 , 3 , 34
1 , 299 , 2 , 37
1 , 301 , 3 , 38
1 , 274 , 3 , 36
1 , 302 , 3 , 35
1 , 561 , 2 , 34
1 , 306 , 3 , 30
1 , 299 , 3 , 37
1 , 310 , 3 , 37
1 , 298 , 3 , 38
1 , 316 , 3 , 27
1 , 312 , 3 , 38
1 , 304 , 3 , 31
2 , 293 , 3 , 31
1 , 294 , 3 , 32
1 , 283 , 3 , 38
1 , 279 , 2 , 38
1 , 275 , 3 , 35
1 , 287 , 3 , 30
1 , 269 , 3 , 38
1 , 276 , 2 , 37
1 , 273 , 3 , 39
2 , 275 , 3 , 34
1 , 285 , 3 , 31
0 , 287 , 3 , 35
1 , 282 , 3 , 35
1 , 284 , 3 , 34
1 , 284 , 3 , 40
1 , 282 , 2 , 35
1 , 286 , 3 , 39
1 , 293 , 2 , 38
1 , 295 , 3 , 30
1 , 296 , 3 , 32
1 , 300 , 2 , 32
1 , 503 , 2 , 31
1 , 260 , 2 , 33
2 , 260 , 3 , 34
1 , 268 , 3 , 38
0 , 268 , 3 , 35
1 , 267 , 3 , 36
1 , 283 , 3 , 31
1 , 272 , 3 , 35
1 , 277 , 2 , 35
1 , 283 , 2 , 28
1 , 282 , 3 , 36
1 , 281 , 3 , 36
1 , 284 , 2 , 37
1 , 302 , 3 , 39
1 , 311 , 3 , 32
1 , 323 , 2 , 32
1 , 2774 , 3 , 35
2 , 368 , 3 , 37
2 , 308 , 3 , 34
1 , 385 , 3 , 33
1 , 320 , 3 , 32
1 , 294 , 2 , 29
1 , 296 , 3 , 35
1 , 310 , 3 , 25
1 , 727 , 3 , 38
1 , 411 , 2 , 33
1 , 380 , 3 , 32
1 , 333 , 3 , 29
1 , 332 , 3 , 34
1 , 729 , 2 , 32
1 , 373 , 3 , 34
1 , 395 , 2 , 36
1 , 314 , 3 , 33
1 , 317 , 2 , 31
1 , 542 , 3 , 35
2 , 445 , 3 , 28
1 , 398 , 3 , 32
1 , 395 , 3 , 36
1 , 500 , 3 , 29
1 , 329 , 3 , 27
1 , 395 , 5 , 30
1 , 758 , 3 , 35
1 , 374 , 3 , 30
1 , 411 , 3 , 28
1 , 380 , 3 , 29
1 , 396 , 3 , 32
1 , 365 , 3 , 30
2 , 371 , 3 , 32
1 , 380 , 4 , 31
0 , 423 , 3 , 31
1 , 386 , 3 , 28
1 , 391 , 3 , 33
2 , 392 , 3 , 29
1 , 382 , 3 , 33
1 , 389 , 4 , 30
1 , 1658 , 3 , 32
1 , 429 , 3 , 31
1 , 341 , 3 , 32
1 , 341 , 4 , 35
1 , 350 , 3 , 27
1 , 341 , 2 , 31
1 , 350 , 3 , 38
2 , 350 , 2 , 30
0 , 353 , 2 , 34
1 , 347 , 2 , 33
2 , 351 , 3 , 33
1 , 357 , 2 , 33
1 , 358 , 3 , 33
1 , 367 , 3 , 27
1 , 363 , 3 , 29
1 , 374 , 3 , 34
1 , 442 , 3 , 36
1 , 432 , 3 , 31
2 , 379 , 3 , 31
1 , 382 , 2 , 29
1 , 377 , 3 , 31
1 , 381 , 3 , 23
2 , 378 , 3 , 25
1 , 409 , 3 , 35
1 , 383 , 3 , 26
0 , 391 , 3 , 34
2 , 392 , 2 , 30
1 , 396 , 3 , 26
2 , 401 , 3 , 31
1 , 395 , 3 , 32
1 , 2742 , 2 , 36
0 , 374 , 3 , 30
1 , 372 , 2 , 30
0 , 370 , 3 , 38
1 , 364 , 3 , 30
0 , 372 , 3 , 29
1 , 382 , 2 , 31
1 , 380 , 3 , 32
1 , 382 , 3 , 31
1 , 383 , 3 , 34
0 , 379 , 3 , 28
2 , 381 , 3 , 28
1 , 379 , 3 , 31
1 , 386 , 3 , 28
1 , 377 , 2 , 28
0 , 385 , 3 , 26
1 , 383 , 3 , 30
1 , 383 , 3 , 26
1 , 393 , 3 , 32
1 , 397 , 3 , 32
1 , 396 , 3 , 30
1 , 395 , 2 , 31
1 , 398 , 3 , 30
1 , 396 , 3 , 27
1 , 400 , 3 , 34
1 , 407 , 3 , 40
1 , 406 , 3 , 26
1 , 609 , 2 , 33
0 , 363 , 2 , 32
1 , 376 , 3 , 34
1 , 376 , 3 , 23
1 , 380 , 2 , 35
1 , 384 , 2 , 31
1 , 381 , 3 , 30
1 , 397 , 3 , 30
1 , 385 , 3 , 32
1 , 388 , 3 , 27
1 , 401 , 3 , 27
1 , 393 , 3 , 32
1 , 397 , 3 , 33
1 , 399 , 3 , 28
1 , 401 , 3 , 28
1 , 456 , 3 , 24
1 , 473 , 2 , 27
0 , 486 , 5 , 34
1 , 457 , 3 , 35
1 , 543 , 3 , 28
1 , 435 , 4 , 31
0 , 840 , 4 , 30
1 , 1063 , 4 , 31
0 , 2450 , 6 , 34
0 , 869 , 4 , 25
1 , 843 , 3 , 29
1 , 1246 , 14 , 29
2 , 1848 , 5 , 23
1 , 1059 , 3 , 37
1 , 499 , 3 , 28
2 , 518 , 3 , 30
0 , 501 , 5 , 27
1 , 836 , 2 , 33
0 , 431 , 3 , 28
1 , 421 , 3 , 31
2 , 562 , 3 , 21
2 , 535 , 3 , 26
1 , 628 , 4 , 25
1 , 527 , 3 , 27
2 , 455 , 4 , 26
2 , 464 , 3 , 25
1 , 550 , 3 , 34
0 , 810 , 3 , 28
0 , 827 , 3 , 23
0 , 8388 , 3 , 32
0 , 575 , 3 , 30
1 , 576 , 2 , 32
0 , 573 , 3 , 30
1 , 589 , 3 , 28
1 , 559 , 4 , 26
1 , 615 , 4 , 35
1 , 565 , 3 , 29
2 , 536 , 9 , 27
1 , 630 , 3 , 31
1 , 545 , 3 , 32
2 , 671 , 14 , 32
1 , 701 , 3 , 28
1 , 3514 , 7 , 24
1 , 589 , 3 , 26
1 , 606 , 3 , 27
1 , 600 , 3 , 32
1 , 591 , 3 , 28
0 , 679 , 4 , 33
3 , 545 , 3 , 27
1 , 544 , 2 , 23
1 , 572 , 2 , 28
3 , 633 , 3 , 28
1 , 622 , 3 , 27
2 , 554 , 3 , 27
1 , 574 , 13 , 28
1 , 1218 , 6 , 30
1 , 686 , 4 , 31
0 , 796 , 3 , 30
1 , 592 , 4 , 26
1 , 575 , 5 , 30
1 , 574 , 5 , 26
1 , 566 , 4 , 22
1 , 652 , 4 , 26
3 , 689 , 4 , 28
1 , 632 , 3 , 30
1 , 630 , 5 , 31
0 , 630 , 3 , 33
1 , 606 , 2 , 28
0 , 656 , 5 , 29
1 , 9614 , 4 , 31
1 , 565 , 3 , 25
1 , 523 , 3 , 29
1 , 771 , 4 , 27
1 , 651 , 4 , 27
1 , 790 , 3 , 31
1 , 770 , 2 , 33
1 , 933 , 5 , 30
1 , 841 , 3 , 28
2 , 577 , 3 , 30
0 , 501 , 3 , 28
1 , 496 , 4 , 32
0 , 753 , 5 , 29
2 , 950 , 5 , 26
1 , 1008 , 5 , 27
1 , 1250 , 4 , 27
1 , 1253 , 15 , 29
0 , 1760 , 6 , 27
4 , 773 , 8 , 26
1 , 764 , 4 , 31
3 , 892 , 7 , 29
7 , 863 , 7 , 24
3 , 1059 , 8 , 21
1 , 1065 , 7 , 29
1 , 937 , 5 , 34
1 , 690 , 10 , 24
1 , 924 , 5 , 27
2 , 873 , 4 , 33
2 , 733 , 5 , 16
1 , 806 , 4 , 29
3 , 723 , 9 , 28
1 , 694 , 3 , 20
6 , 579 , 3 , 28
1 , 645 , 3 , 26
2 , 1509 , 2 , 27
1 , 626 , 4 , 23
1 , 585 , 4 , 34
1 , 578 , 3 , 26
1 , 936 , 24 , 26
1 , 1250 , 5 , 20
1 , 1232 , 3 , 26
2 , 797 , 6 , 27
1 , 871 , 3 , 26
1 , 764 , 4 , 33
1 , 739 , 5 , 21
1 , 600 , 3 , 26
2 , 523 , 3 , 32
1 , 535 , 3 , 25
2 , 593 , 4 , 24
2 , 595 , 3 , 29
2 , 534 , 3 , 31
1 , 526 , 4 , 23
0 , 526 , 3 , 27
1 , 542 , 3 , 30
1 , 583 , 4 , 35
1 , 628 , 2 , 24
3 , 682 , 3 , 24
0 , 564 , 5 , 23
0 , 587 , 4 , 33
1 , 593 , 3 , 25
1 , 594 , 3 , 25
2 , 746 , 3 , 30
1 , 563 , 3 , 35
0 , 555 , 4 , 30
0 , 558 , 3 , 32
1 , 550 , 3 , 25
1 , 558 , 4 , 26
1 , 1502 , 4 , 21
1 , 626 , 4 , 21
0 , 596 , 3 , 31
1 , 615 , 4 , 28
1 , 560 , 5 , 24
1 , 559 , 5 , 18
1 , 571 , 3 , 23
1 , 577 , 4 , 29
1 , 689 , 5 , 23
2 , 655 , 4 , 24
1 , 630 , 3 , 28
2 , 624 , 3 , 29
0 , 623 , 4 , 25
0 , 597 , 4 , 27
2 , 602 , 3 , 31
1 , 553 , 3 , 26
2 , 546 , 3 , 27
1 , 609 , 3 , 23
0 , 543 , 3 , 19
1 , 558 , 4 , 21
1 , 607 , 3 , 29
1 , 600 , 4 , 29
1 , 706 , 3 , 28
1 , 603 , 3 , 27
2 , 582 , 4 , 24
1 , 610 , 3 , 22
1 , 581 , 3 , 28
1 , 564 , 3 , 25
1 , 584 , 3 , 26
1 , 565 , 3 , 21
1 , 572 , 4 , 25
1 , 570 , 3 , 29
1 , 624 , 4 , 25
1 , 854 , 4 , 32
2 , 867 , 6 , 24
1 , 893 , 5 , 27
1 , 841 , 6 , 28
1 , 877 , 6 , 24
0 , 1807 , 2 , 31
2 , 563 , 3 , 22
1 , 552 , 3 , 30
1 , 552 , 3 , 29
1 , 560 , 4 , 31
1 , 1065 , 4 , 27
0 , 832 , 3 , 27
1 , 705 , 3 , 25
2 , 576 , 3 , 30
1 , 568 , 3 , 26
0 , 556 , 3 , 19
1 , 566 , 3 , 19
1 , 561 , 3 , 17
1 , 570 , 4 , 23
1 , 604 , 3 , 33
1 , 593 , 3 , 28
2 , 579 , 3 , 22
1 , 577 , 4 , 32
1 , 585 , 3 , 19
1 , 578 , 3 , 32
1 , 588 , 4 , 33
1 , 600 , 3 , 26
1 , 603 , 3 , 24
1 , 594 , 3 , 26
1 , 603 , 3 , 23
1 , 601 , 3 , 24
1 , 591 , 3 , 28
1 , 585 , 4 , 21
1 , 590 , 3 , 22
1 , 584 , 3 , 18
1 , 601 , 3 , 24
1 , 594 , 3 , 27
0 , 619 , 5 , 28
1 , 630 , 3 , 29
1 , 600 , 3 , 21
1 , 602 , 3 , 33
1 , 1772 , 3 , 14
1 , 576 , 3 , 25
1 , 551 , 3 , 28
1 , 566 , 3 , 21
1 , 564 , 3 , 28
1 , 607 , 2 , 30
0 , 647 , 3 , 25
1 , 650 , 4 , 23
1 , 605 , 4 , 23
0 , 594 , 3 , 26
2 , 580 , 4 , 23
0 , 583 , 3 , 20
1 , 585 , 3 , 26
1 , 608 , 4 , 24
1 , 656 , 4 , 27
1 , 647 , 3 , 22
1 , 670 , 5 , 28
1 , 726 , 4 , 29
1 , 713 , 4 , 27
0 , 683 , 3 , 19
1 , 679 , 4 , 23
1 , 767 , 2 , 22
1 , 826 , 3 , 25
1 , 632 , 3 , 21
1 , 607 , 4 , 24
2 , 609 , 3 , 23
0 , 624 , 3 , 24
2 , 636 , 4 , 25
1 , 664 , 3 , 25
1 , 703 , 3 , 22
1 , 87713 , 10 , 17
7 , 1423 , 5 , 22
1 , 1132 , 6 , 19
1 , 1202 , 8 , 26
1 , 1172 , 5 , 28
1 , 1070 , 8 , 20
0 , 1334 , 6 , 29
1 , 1129 , 10 , 25
2 , 1055 , 7 , 24
2 , 1156 , 7 , 23
1 , 1228 , 4 , 24
2 , 1111 , 6 , 23
1 , 1074 , 4 , 20
1 , 1141 , 5 , 20
1 , 1161 , 5 , 22
2 , 1297 , 7 , 21
1 , 1268 , 5 , 25
2 , 1268 , 4 , 25
1 , 1495 , 6 , 25
0 , 390 , 10 , 4
