Load, Inserted bitset computation, Update ASTree
9 , 508 , 1
5 , 525 , 2
4 , 698 , 0
3 , 943 , 0
5 , 1164 , 0
4 , 2270 , 0
6 , 2572 , 0
5 , 3532 , 0
6 , 3833 , 0
3 , 4487 , 1
2 , 2401 , 0
2 , 2378 , 0
3 , 5012 , 0
2 , 4450 , 0
2 , 3372 , 0
2 , 4785 , 1
2 , 4110 , 0
3 , 3817 , 1
2 , 3459 , 1
2 , 4756 , 0
2 , 15811 , 0
3 , 4935 , 1
3 , 6077 , 0
2 , 6268 , 1
2 , 6884 , 1
3 , 5597 , 0
3 , 14948 , 0
2 , 37995 , 0
2 , 13133 , 1
4 , 7735 , 0
3 , 15119 , 0
3 , 14307 , 0
3 , 8623 , 0
2 , 14278 , 1
2 , 22218 , 1
28 , 14202 , 0
4 , 10014 , 0
3 , 11459 , 1
4 , 22009 , 0
4 , 16377 , 1
7 , 29954 , 0
12 , 23217 , 1
15 , 34546 , 1
17 , 30518 , 1
10 , 39460 , 3
13 , 39063 , 0
10 , 100595 , 8
12 , 77421 , 0
22 , 40481 , 2
18 , 58301 , 1
12 , 23701 , 1
5 , 49557 , 1
13 , 37621 , 1
13 , 46229 , 0
7 , 57345 , 1
9 , 42033 , 0
14 , 66144 , 1
11 , 44917 , 4
14 , 66927 , 1
10 , 43336 , 1
14 , 47512 , 1
15 , 84245 , 1
12 , 47309 , 3
13 , 57552 , 1
10 , 43408 , 2
28 , 40505 , 1
11 , 58391 , 2
13 , 48730 , 2
14 , 43681 , 2
8 , 66442 , 2
14 , 296247 , 25
13 , 43818 , 1
12 , 80066 , 1
9 , 55942 , 1
29 , 62141 , 1
14 , 165242 , 12
14 , 57494 , 2
12 , 64047 , 1
14 , 92079 , 1
10 , 60125 , 2
15 , 60758 , 3
8 , 101574 , 1
13 , 67335 , 2
13 , 100338 , 0
21 , 78443 , 4
18 , 73124 , 1
16 , 433308 , 7
27 , 66179 , 2
14 , 75888 , 1
20 , 122151 , 0
13 , 80699 , 3
17 , 1070648 , 16
154 , 432449 , 2
8 , 156496 , 5
19 , 108399 , 9
23 , 111976 , 3
20 , 159262 , 15
21 , 110599 , 3
15 , 111428 , 4
18 , 227843 , 11
26 , 138062 , 3
