Load, Inserted bitset computation, Update ASTree, Number of evidence vectors
3 , 12 , 7 , 339
3 , 14 , 14 , 335
6 , 18 , 16 , 283
3 , 8 , 34 , 322
2 , 16 , 52 , 342
4 , 21 , 25 , 337
2 , 11 , 153 , 265
3 , 13 , 14 , 322
3 , 12 , 33 , 375
2 , 20 , 15 , 408
12 , 24 , 378 , 468
2 , 9 , 12 , 379
2 , 13 , 7 , 221
1 , 18 , 17 , 231
1 , 18 , 25 , 193
2 , 31 , 62 , 290
1 , 36 , 574 , 263
1 , 19 , 15 , 366
5 , 26 , 15 , 219
2 , 21 , 18 , 390
3 , 40 , 13 , 268
2 , 29 , 18 , 187
2 , 36 , 16 , 211
1 , 787 , 14 , 222
1 , 21 , 16 , 313
0 , 27 , 27 , 294
1 , 26 , 26 , 350
1 , 35 , 22 , 272
2 , 42 , 127 , 441
1 , 35 , 1074 , 302
1 , 29 , 22 , 248
0 , 36 , 28 , 299
1 , 92 , 35 , 392
0 , 39 , 612 , 356
1 , 37 , 36 , 402
1 , 47 , 37 , 387
2 , 46 , 45 , 330
1 , 50 , 96 , 274
3 , 51 , 3061 , 397
0 , 42 , 46 , 364
2 , 62 , 118 , 378
1 , 61 , 51 , 367
1 , 58 , 1358 , 270
1 , 49 , 46 , 271
1 , 100 , 53 , 205
1 , 81 , 51 , 366
0 , 66 , 50 , 278
1 , 64 , 88 , 261
1 , 64 , 167 , 247
2 , 68 , 75 , 355
0 , 64 , 4713 , 393
1 , 71 , 40 , 300
0 , 68 , 56 , 336
0 , 64 , 74 , 437
2 , 81 , 45 , 331
2 , 69 , 2870 , 285
1 , 91 , 64 , 366
0 , 79 , 63 , 394
0 , 79 , 29 , 249
1 , 77 , 32 , 182
1 , 79 , 54 , 363
0 , 91 , 46 , 271
0 , 80 , 48 , 309
0 , 5932 , 95 , 352
1 , 86 , 49 , 243
1 , 85 , 44 , 212
1 , 136 , 41 , 200
1 , 85 , 55 , 254
1 , 100 , 62 , 269
1 , 88 , 49 , 233
1 , 94 , 74 , 354
1 , 93 , 9165 , 263
0 , 121 , 58 , 177
1 , 100 , 138 , 283
0 , 101 , 136 , 244
2 , 99 , 194 , 274
1 , 167 , 59 , 181
1 , 107 , 58 , 193
1 , 112 , 46 , 168
1 , 142 , 90 , 200
0 , 125 , 260 , 167
2 , 735 , 312 , 203
2 , 163 , 185 , 221
1 , 118 , 142 , 223
2 , 121 , 173 , 217
1 , 129 , 3047 , 229
1 , 144 , 89 , 235
1 , 115 , 120 , 403
6 , 119 , 97 , 322
2 , 162 , 100 , 357
1 , 127 , 96 , 289
1 , 138 , 104 , 246
1 , 185 , 138 , 193
1 , 150 , 13103 , 245
1 , 133 , 101 , 257
1 , 127 , 199 , 352
1 , 126 , 300 , 305
1 , 144 , 458 , 254
1 , 155 , 498 , 284
0 , 14 , 32 , 28
