Load, Inserted bitset computation, Update ASTree, Number of evidence vectors
11 , 141 , 126 , 1641
12 , 92 , 315 , 1707
7 , 140 , 416 , 1331
3 , 181 , 601 , 1278
5 , 187 , 757 , 1670
3 , 203 , 319 , 1597
4 , 274 , 681 , 1790
2 , 281 , 2497 , 1650
2 , 329 , 736 , 1357
3 , 369 , 1238 , 1821
1 , 425 , 5678 , 1625
3 , 427 , 885 , 1477
2 , 445 , 596 , 1178
3 , 453 , 576 , 1310
2 , 512 , 702 , 1060
2 , 625 , 4868 , 1014
2 , 633 , 2147 , 1406
3 , 722 , 1628 , 1330
3 , 696 , 10387 , 1452
0 , 14 , 10 , 28
