Load, Inserted bitset computation, Update ASTree
4 , 6 , 2
1 , 9 , 2
1 , 8 , 2
2 , 11 , 1
1 , 13 , 2
1 , 13 , 2
2 , 12 , 4
1 , 19 , 3
4 , 26 , 11
3 , 27 , 13
1 , 10 , 4
2 , 8 , 4
1 , 11 , 5
1 , 46 , 4
2 , 41 , 4
1 , 24 , 3
1 , 22 , 2
1 , 21 , 3
6 , 13 , 2
1 , 24 , 9
1 , 27 , 2
0 , 29 , 4
1 , 12 , 5
1 , 32 , 5
1 , 15 , 5
1 , 40 , 9
0 , 17 , 6
1 , 14 , 23
1 , 22 , 5
1 , 14 , 4
0 , 41 , 8
2 , 16 , 18
1 , 33 , 4
1 , 28 , 5
0 , 14 , 7
1 , 33 , 4
1 , 13 , 5
1 , 27 , 10
0 , 31 , 3
1 , 18 , 5
1 , 18 , 5
1 , 13 , 3
0 , 19 , 8
1 , 22 , 5
0 , 18 , 5
1 , 39 , 5
1 , 16 , 5
0 , 57 , 4
1 , 14 , 4
0 , 10 , 3
0 , 12 , 3
1 , 11 , 3
0 , 15 , 8
0 , 19 , 6
0 , 18 , 5
0 , 22 , 20
0 , 20 , 4
0 , 16 , 6
0 , 24 , 13
0 , 18 , 7
0 , 25 , 5
2 , 19 , 4
1 , 13 , 5
0 , 35 , 6
1 , 13 , 4
1 , 16 , 5
0 , 17 , 5
1 , 20 , 7
0 , 31 , 4
1 , 20 , 6
0 , 25 , 4
0 , 27 , 7
1 , 16 , 7
0 , 26 , 5
1 , 23 , 9
0 , 27 , 4
0 , 25 , 7
0 , 23 , 5
0 , 25 , 98
1 , 18 , 5
1 , 15 , 5
1 , 26 , 9
1 , 15 , 7
0 , 28 , 6
1 , 22 , 5
0 , 20 , 6
0 , 26 , 7
0 , 22 , 4
0 , 22 , 6
0 , 22 , 6
0 , 28 , 10
0 , 29 , 11
0 , 29 , 8
0 , 25 , 8
1 , 28 , 10
0 , 23 , 8
1 , 38 , 11
1 , 38 , 8
1 , 39 , 5
0 , 4 , 0
