Load, Inserted bitset computation, Update ASTree
4 , 25 , 3
2 , 4 , 1
1 , 9 , 4
3 , 8 , 0
4 , 6 , 1
2 , 4 , 1
2 , 3 , 0
1 , 7 , 1
1 , 3 , 0
1 , 3 , 0
2 , 3 , 0
1 , 3 , 0
1 , 8 , 1
1 , 2 , 0
1 , 3 , 1
1 , 3 , 1
1 , 5 , 1
1 , 3 , 0
2 , 3 , 0
1 , 4 , 0
1 , 4 , 1
1 , 4 , 1
2 , 4 , 1
2 , 6 , 0
1 , 8 , 2
1 , 5 , 0
1 , 8 , 1
1 , 4 , 1
1 , 5 , 0
1 , 3 , 1
1 , 5 , 1
2 , 5 , 1
1 , 4 , 1
1 , 6 , 1
2 , 3 , 1
2 , 5 , 2
1 , 4 , 1
1 , 5 , 1
1 , 4 , 1
1 , 3 , 0
1 , 4 , 1
1 , 5 , 1
1 , 6 , 1
4 , 5 , 2
2 , 10 , 1
2 , 6 , 1
3 , 3 , 0
1 , 6 , 1
1 , 3 , 0
1 , 3 , 0
1 , 5 , 1
2 , 5 , 1
2 , 7 , 1
4 , 5 , 5
1 , 8 , 2
1 , 7 , 1
1 , 4 , 1
2 , 8 , 1
1 , 6 , 1
1 , 4 , 0
0 , 15 , 1
1 , 7 , 0
0 , 4 , 1
1 , 7 , 2
1 , 4 , 0
1 , 4 , 1
1 , 5 , 1
1 , 6 , 8
0 , 10 , 2
3 , 6 , 2
1 , 10 , 1
1 , 4 , 1
2 , 5 , 1
1 , 4 , 1
0 , 9 , 1
1 , 7 , 1
2 , 14 , 1
1 , 9 , 1
1 , 5 , 1
2 , 6 , 1
1 , 15 , 1
4 , 12 , 1
1 , 14 , 1
1 , 6 , 1
1 , 7 , 0
1 , 13 , 0
0 , 7 , 2
1 , 7 , 1
1 , 13 , 1
2 , 12 , 0
1 , 14 , 2
1 , 9 , 1
1 , 8 , 2
3 , 6 , 1
1 , 7 , 2
1 , 12 , 1
1 , 35 , 1
1 , 5 , 0
1 , 11 , 1
1 , 7 , 1
0 , 9 , 1
1 , 6 , 1
0 , 6 , 1
1 , 10 , 1
0 , 6 , 0
1 , 5 , 1
0 , 6 , 1
1 , 10 , 1
2 , 9 , 1
1 , 8 , 1
1 , 13 , 0
0 , 7 , 1
1 , 10 , 0
1 , 7 , 2
1 , 8 , 1
2 , 11 , 1
1 , 7 , 0
1 , 7 , 1
0 , 9 , 1
1 , 10 , 1
2 , 7 , 0
1 , 22 , 1
1 , 15 , 2
0 , 18 , 0
1 , 31 , 1
0 , 14 , 1
0 , 16 , 1
1 , 15 , 2
1 , 11 , 1
1 , 8 , 2
1 , 12 , 1
1 , 11 , 1
1 , 12 , 1
2 , 8 , 1
0 , 10 , 0
1 , 11 , 0
1 , 14 , 1
1 , 16 , 2
2 , 16 , 1
0 , 36 , 1
0 , 9 , 0
2 , 16 , 1
1 , 14 , 1
0 , 13 , 0
0 , 10 , 1
1 , 10 , 1
1 , 13 , 1
1 , 12 , 1
1 , 14 , 1
1 , 12 , 1
2 , 12 , 1
1 , 17 , 2
1 , 13 , 1
1 , 16 , 1
1 , 129 , 8
4 , 11 , 1
1 , 35 , 1
1 , 6 , 1
1 , 8 , 1
1 , 8 , 1
0 , 67 , 1
1 , 11 , 2
0 , 17 , 1
1 , 13 , 0
0 , 23 , 1
0 , 12 , 3
1 , 10 , 1
1 , 10 , 1
1 , 8 , 1
2 , 9 , 1
1 , 13 , 1
0 , 10 , 0
1 , 11 , 1
2 , 8 , 1
0 , 10 , 0
1 , 9 , 0
2 , 24 , 2
1 , 10 , 1
1 , 19 , 1
0 , 9 , 1
0 , 10 , 1
1 , 9 , 1
0 , 14 , 1
1 , 12 , 1
1 , 12 , 0
0 , 22 , 7
1 , 31 , 1
2 , 16 , 2
4 , 61 , 0
1 , 22 , 1
4 , 40 , 1
1 , 18 , 1
1 , 15 , 1
2 , 11 , 1
1 , 25 , 1
1 , 21 , 1
1 , 17 , 1
1 , 17 , 3
1 , 29 , 1
2 , 21 , 1
1 , 37 , 2
1 , 39 , 2
2 , 29 , 1
1 , 27 , 1
1 , 16 , 1
1 , 16 , 1
1 , 19 , 1
9 , 23 , 0
2 , 14 , 1
0 , 16 , 1
1 , 21 , 4
1 , 16 , 1
1 , 17 , 1
1 , 17 , 1
0 , 16 , 1
1 , 15 , 1
2 , 14 , 1
1 , 21 , 1
0 , 21 , 1
0 , 17 , 1
1 , 17 , 1
1 , 19 , 2
3 , 33 , 2
1 , 21 , 2
2 , 49 , 3
0 , 25 , 1
1 , 26 , 1
1 , 59 , 1
2 , 429 , 1
4 , 56 , 6
1 , 216 , 2
3 , 95 , 5
11 , 170 , 2
1 , 148 , 1
3 , 122 , 2
20 , 29 , 2
4 , 79 , 1
1 , 8 , 1
1 , 12 , 1
1 , 11 , 1
1 , 9 , 1
1 , 12 , 1
0 , 8 , 0
2 , 9 , 1
0 , 38 , 1
0 , 16 , 1
2 , 12 , 1
1 , 10 , 1
1 , 10 , 1
1 , 21 , 1
1 , 20 , 1
1 , 15 , 1
3 , 13 , 1
7 , 17 , 5
6 , 15 , 1
15 , 84 , 29
4 , 98 , 33
1 , 46 , 1
9 , 71 , 4
2 , 35 , 2
4 , 50 , 2
2 , 59 , 4
1 , 37 , 3
1 , 64 , 1
1 , 33 , 1
2 , 19 , 8
1 , 25 , 1
1 , 18 , 1
0 , 26 , 1
2 , 14 , 2
1 , 13 , 2
1 , 24 , 1
0 , 20 , 1
1 , 19 , 1
1 , 10 , 1
1 , 10 , 1
1 , 11 , 1
1 , 31 , 0
1 , 13 , 1
1 , 16 , 1
1 , 13 , 1
0 , 12 , 1
0 , 11 , 1
1 , 14 , 1
0 , 136 , 3
1 , 45 , 105
1 , 26 , 4
0 , 30 , 3
1 , 19 , 1
1 , 18 , 5
1 , 37 , 0
1 , 51 , 1
1 , 13 , 1
0 , 12 , 1
1 , 9 , 1
2 , 9 , 1
1 , 16 , 2
1 , 30 , 0
0 , 17 , 1
0 , 27 , 1
1 , 22 , 1
1 , 166 , 2
1 , 12 , 0
0 , 20 , 1
1 , 10 , 0
2 , 13 , 1
1 , 11 , 1
1 , 14 , 1
1 , 12 , 1
1 , 16 , 0
1 , 13 , 0
0 , 13 , 1
1 , 18 , 2
1 , 34 , 1
0 , 20 , 1
1 , 28 , 1
1 , 28 , 1
1 , 16 , 1
0 , 18 , 1
0 , 26 , 1
0 , 17 , 0
0 , 22 , 1
0 , 16 , 1
1 , 15 , 1
1 , 20 , 1
1 , 20 , 1
0 , 14 , 1
2 , 16 , 0
1 , 18 , 1
1 , 26 , 1
0 , 16 , 1
1 , 19 , 1
1 , 23 , 1
1 , 18 , 0
3 , 21 , 1
1 , 23 , 1
1 , 16 , 0
0 , 17 , 1
1 , 14 , 1
1 , 15 , 0
0 , 15 , 1
0 , 22 , 1
1 , 19 , 0
1 , 17 , 1
1 , 16 , 1
1 , 22 , 1
0 , 20 , 1
1 , 16 , 1
1 , 22 , 1
1 , 19 , 1
0 , 23 , 2
2 , 19 , 2
0 , 21 , 2
16 , 28 , 2
1 , 23 , 2
1 , 37 , 2
1 , 25 , 1
1 , 30 , 5
0 , 34 , 1
2 , 19 , 1
1 , 21 , 1
1 , 28 , 1
1 , 19 , 1
1 , 27 , 2
1 , 23 , 1
1 , 23 , 1
0 , 25 , 2
1 , 22 , 1
1 , 36 , 1
1 , 23 , 1
1 , 22 , 1
2 , 26 , 2
0 , 20 , 1
1 , 20 , 1
1 , 23 , 2
0 , 24 , 1
1 , 20 , 1
0 , 29 , 1
1 , 21 , 2
1 , 23 , 2
1 , 27 , 1
1 , 26 , 1
2 , 27 , 2
1 , 32 , 1
0 , 34 , 2
0 , 24 , 1
1 , 32 , 2
1 , 26 , 1
0 , 32 , 1
1 , 26 , 2
1 , 28 , 2
1 , 30 , 2
1 , 33 , 1
1 , 27 , 1
2 , 40 , 2
1 , 28 , 1
1 , 29 , 2
1 , 30 , 2
1 , 26 , 2
1 , 34 , 2
1 , 30 , 1
1 , 29 , 1
1 , 27 , 1
1 , 30 , 2
0 , 27 , 1
1 , 24 , 1
1 , 28 , 2
1 , 28 , 1
1 , 164 , 2
3 , 49 , 1
0 , 26 , 1
2 , 20 , 2
1 , 29 , 2
1 , 19 , 1
1 , 19 , 2
1 , 17 , 1
1 , 59 , 1
1 , 18 , 1
1 , 18 , 1
1 , 23 , 1
1 , 20 , 1
1 , 20 , 1
1 , 50 , 1
1 , 22 , 1
0 , 42 , 1
1 , 23 , 1
1 , 22 , 1
1 , 25 , 1
0 , 22 , 2
1 , 20 , 0
1 , 18 , 0
1 , 22 , 2
0 , 29 , 1
2 , 16 , 1
1 , 16 , 1
1 , 16 , 1
1 , 19 , 0
1 , 17 , 1
1 , 18 , 1
0 , 23 , 1
0 , 22 , 1
0 , 20 , 1
1 , 21 , 1
1 , 23 , 1
1 , 18 , 1
0 , 19 , 1
1 , 20 , 1
1 , 23 , 1
1 , 22 , 1
1 , 19 , 1
1 , 20 , 1
2 , 22 , 2
1 , 22 , 1
1 , 22 , 1
0 , 20 , 1
2 , 53 , 3
1 , 25 , 1
1 , 40 , 2
2 , 23 , 2
0 , 20 , 1
1 , 24 , 1
1 , 22 , 2
0 , 29 , 1
1 , 19 , 2
1 , 23 , 2
0 , 20 , 1
1 , 735 , 1
1 , 12 , 0
0 , 14 , 1
1 , 17 , 0
1 , 20 , 1
0 , 17 , 1
1 , 17 , 1
1 , 20 , 2
0 , 25 , 1
1 , 20 , 1
1 , 19 , 1
1 , 21 , 1
1 , 20 , 1
1 , 17 , 1
1 , 27 , 1
1 , 21 , 1
1 , 17 , 1
1 , 20 , 2
1 , 21 , 1
0 , 25 , 1
0 , 24 , 1
1 , 22 , 1
2 , 41 , 2
0 , 22 , 1
1 , 27 , 3
2 , 31 , 1
1 , 21 , 2
0 , 40 , 1
1 , 25 , 1
0 , 40 , 1
1 , 37 , 1
1 , 28 , 2
0 , 23 , 1
0 , 32 , 2
2 , 25 , 1
0 , 29 , 19
0 , 35 , 1
1 , 47 , 1
2 , 28 , 1
1 , 51 , 1
0 , 25 , 1
1 , 59 , 1
1 , 22 , 1
0 , 24 , 1
0 , 30 , 1
0 , 25 , 1
1 , 57 , 1
1 , 28 , 1
1 , 55 , 1
1 , 35 , 1
13 , 35 , 1
0 , 26 , 2
0 , 30 , 1
0 , 26 , 1
1 , 25 , 2
1 , 28 , 1
1 , 27 , 1
1 , 24 , 1
1 , 25 , 1
1 , 39 , 1
1 , 24 , 1
1 , 46 , 1
1 , 25 , 1
1 , 27 , 1
0 , 29 , 1
1 , 27 , 1
1 , 31 , 3
2 , 28 , 1
1 , 35 , 1
0 , 27 , 0
0 , 27 , 1
1 , 31 , 3
1 , 29 , 2
0 , 28 , 2
1 , 26 , 1
1 , 30 , 2
0 , 33 , 1
0 , 27 , 1
0 , 27 , 1
0 , 28 , 1
1 , 32 , 1
1 , 27 , 1
1 , 31 , 1
2 , 29 , 1
1 , 31 , 2
1 , 33 , 1
0 , 61 , 1
1 , 32 , 2
0 , 45 , 1
0 , 37 , 2
20 , 47 , 1
0 , 55 , 1
1 , 33 , 1
0 , 66 , 1
2 , 36 , 2
0 , 50 , 2
1 , 40 , 2
1 , 76 , 2
1 , 61 , 2
1 , 34 , 2
0 , 42 , 3
0 , 34 , 1
1 , 38 , 1
1 , 34 , 1
1 , 41 , 2
1 , 37 , 1
0 , 39 , 2
0 , 69 , 2
1 , 35 , 8
1 , 35 , 1
1 , 37 , 1
1 , 48 , 1
1 , 32 , 1
0 , 37 , 2
0 , 37 , 1
1 , 39 , 2
1 , 37 , 2
0 , 45 , 1
1 , 38 , 2
6 , 50 , 1
2 , 51 , 2
0 , 37 , 2
1 , 38 , 1
1 , 45 , 2
0 , 46 , 1
1 , 38 , 2
1 , 41 , 1
1 , 43 , 2
1 , 42 , 2
0 , 67 , 1
1 , 37 , 1
0 , 57 , 2
1 , 48 , 1
1 , 38 , 1
0 , 42 , 2
1 , 41 , 1
1 , 45 , 1
1 , 46 , 1
0 , 49 , 3
0 , 39 , 2
0 , 48 , 2
0 , 52 , 1
1 , 54 , 2
1 , 42 , 2
1 , 45 , 1
1 , 62 , 2
1 , 40 , 1
0 , 46 , 1
1 , 60 , 2
0 , 42 , 12
1 , 43 , 2
1 , 109 , 1
1 , 23 , 1
1 , 23 , 1
0 , 27 , 2
0 , 85 , 2
1 , 49 , 2
9 , 35 , 1
1 , 110 , 1
1 , 30 , 1
1 , 34 , 1
1 , 33 , 1
1 , 45 , 1
1 , 43 , 1
1 , 35 , 2
0 , 47 , 2
0 , 39 , 1
1 , 31 , 1
1 , 51 , 2
1 , 56 , 1
0 , 110 , 2
1 , 32 , 2
0 , 42 , 1
1 , 31 , 0
0 , 54 , 1
1 , 42 , 3
1 , 28 , 1
0 , 33 , 1
1 , 39 , 2
2 , 28 , 1
0 , 29 , 1
1 , 22 , 1
1 , 28 , 2
1 , 33 , 1
1 , 28 , 0
0 , 33 , 1
1 , 28 , 1
1 , 30 , 1
1 , 28 , 1
0 , 66 , 1
1 , 55 , 1
8 , 31 , 1
1 , 35 , 1
1 , 32 , 1
1 , 29 , 1
1 , 33 , 1
1 , 32 , 1
1 , 31 , 1
0 , 33 , 1
0 , 30 , 1
1 , 30 , 1
1 , 32 , 1
0 , 34 , 1
1 , 34 , 1
0 , 30 , 1
1 , 34 , 1
0 , 32 , 2
1 , 50 , 1
2 , 32 , 1
0 , 54 , 1
1 , 49 , 2
1 , 34 , 1
0 , 37 , 1
1 , 31 , 1
1 , 40 , 1
0 , 30 , 1
1 , 44 , 1
1 , 51 , 1
1 , 2337 , 1
1 , 35 , 1
1 , 31 , 1
1 , 32 , 1
0 , 38 , 2
1 , 32 , 1
0 , 34 , 1
0 , 37 , 1
1 , 33 , 2
6 , 42 , 2
1 , 32 , 2
0 , 39 , 1
1 , 33 , 1
1 , 37 , 1
1 , 30 , 1
0 , 39 , 1
1 , 30 , 1
1 , 35 , 1
1 , 33 , 1
1 , 44 , 1
1 , 33 , 2
1 , 39 , 2
1 , 30 , 1
1 , 38 , 1
1 , 33 , 1
1 , 35 , 1
0 , 35 , 2
1 , 33 , 1
1 , 33 , 1
1 , 33 , 2
0 , 37 , 2
0 , 35 , 1
1 , 36 , 2
1 , 36 , 2
1 , 36 , 2
1 , 35 , 1
1 , 34 , 1
0 , 37 , 1
1 , 33 , 1
1 , 35 , 2
0 , 38 , 2
0 , 36 , 1
1 , 33 , 2
1 , 36 , 2
1 , 33 , 2
0 , 46 , 2
1 , 177 , 2
1 , 39 , 2
1 , 37 , 1
1 , 36 , 1
1 , 35 , 2
1 , 55 , 1
1 , 164 , 4
1 , 79 , 1
1 , 38 , 2
0 , 38 , 1
1 , 38 , 1
1 , 49 , 1
1 , 39 , 2
1 , 36 , 1
1 , 41 , 1
0 , 39 , 2
1 , 46 , 2
0 , 50 , 4
1 , 63 , 2
0 , 37 , 1
0 , 48 , 1
0 , 33 , 1
0 , 42 , 1
1 , 39 , 2
1 , 43 , 1
1 , 48 , 1
1 , 44 , 1
1 , 42 , 1
1 , 38 , 1
1 , 41 , 2
1 , 38 , 1
1 , 40 , 2
1 , 45 , 1
1 , 42 , 2
1 , 41 , 1
0 , 43 , 1
1 , 40 , 1
1 , 40 , 3
1 , 43 , 2
1 , 47 , 1
1 , 42 , 1
1 , 46 , 1
1 , 55 , 2
1 , 91 , 2
1 , 56 , 2
1 , 45 , 2
1 , 66 , 1
2 , 45 , 1
1 , 43 , 2
1 , 44 , 1
1 , 43 , 1
1 , 40 , 1
0 , 38 , 2
1 , 38 , 1
1 , 39 , 2
1 , 35 , 1
0 , 41 , 1
2 , 39 , 1
1 , 41 , 1
1 , 40 , 2
0 , 39 , 1
1 , 42 , 1
1 , 39 , 1
1 , 40 , 1
0 , 40 , 1
1 , 38 , 2
1 , 41 , 2
1 , 47 , 1
1 , 44 , 2
0 , 41 , 1
0 , 45 , 1
1 , 40 , 1
1 , 43 , 1
1 , 42 , 1
0 , 47 , 2
1 , 47 , 2
1 , 46 , 1
1 , 47 , 1
1 , 45 , 2
1 , 46 , 2
1 , 53 , 2
1 , 49 , 1
2 , 45 , 1
1 , 50 , 1
2 , 44 , 2
1 , 45 , 2
1 , 49 , 2
3 , 46 , 1
1 , 44 , 2
1 , 40 , 2
0 , 52 , 1
1 , 44 , 2
1 , 40 , 1
1 , 42 , 2
0 , 49 , 1
1 , 44 , 2
1 , 50 , 2
2 , 121 , 1
1 , 33 , 1
1 , 34 , 1
1 , 33 , 2
0 , 39 , 1
1 , 33 , 2
0 , 38 , 1
1 , 33 , 1
1 , 40 , 1
1 , 54 , 2
1 , 48 , 2
4 , 57 , 1
1 , 49 , 4
1 , 46 , 1
1 , 37 , 1
0 , 35 , 2
1 , 38 , 1
0 , 51 , 2
1 , 49 , 2
2 , 57 , 2
1 , 48 , 1
1 , 48 , 2
2 , 46 , 1
0 , 45 , 1
1 , 45 , 2
1 , 49 , 1
1 , 37 , 2
0 , 42 , 1
1 , 36 , 1
1 , 37 , 2
1 , 37 , 2
1 , 39 , 1
1 , 36 , 2
1 , 35 , 1
1 , 36 , 1
1 , 45 , 1
1 , 41 , 1
1 , 37 , 1
1 , 43 , 2
0 , 55 , 3
1 , 40 , 2
1 , 47 , 2
0 , 44 , 2
1 , 41 , 2
0 , 41 , 2
1 , 41 , 1
1 , 40 , 1
1 , 41 , 1
1 , 39 , 1
1 , 45 , 1
1 , 42 , 2
1 , 41 , 1
0 , 44 , 2
1 , 43 , 1
1 , 40 , 2
0 , 47 , 1
1 , 42 , 1
1 , 43 , 1
1 , 42 , 1
1 , 45 , 1
1 , 39 , 1
1 , 42 , 2
0 , 41 , 2
1 , 41 , 2
0 , 43 , 1
1 , 40 , 1
1 , 42 , 2
0 , 39 , 1
1 , 40 , 2
1 , 45 , 1
1 , 40 , 1
1 , 43 , 1
1 , 43 , 1
1 , 43 , 2
1 , 42 , 1
1 , 44 , 1
1 , 44 , 2
0 , 41 , 2
0 , 45 , 2
0 , 52 , 2
2 , 45 , 2
0 , 46 , 3
0 , 43 , 1
1 , 71 , 1
1 , 45 , 2
1 , 47 , 1
1 , 45 , 1
0 , 47 , 2
1 , 50 , 1
1 , 48 , 1
0 , 55 , 2
1 , 56 , 2
2 , 68 , 2
0 , 51 , 2
1 , 44 , 2
1 , 45 , 2
1 , 48 , 2
1 , 46 , 1
1 , 46 , 2
1 , 47 , 2
0 , 57 , 1
1 , 48 , 2
1 , 50 , 1
1 , 49 , 2
2 , 50 , 1
2 , 53 , 2
0 , 44 , 1
0 , 46 , 2
0 , 55 , 1
2 , 366 , 1
2 , 49 , 1
3 , 39 , 2
1 , 42 , 2
1 , 40 , 1
1 , 48 , 2
1 , 46 , 2
1 , 43 , 2
0 , 41 , 2
1 , 42 , 1
1 , 42 , 2
1 , 41 , 1
1 , 38 , 1
1 , 40 , 2
0 , 40 , 1
1 , 44 , 2
1 , 58 , 2
0 , 60 , 4
1 , 59 , 1
0 , 68 , 2
2 , 51 , 1
2 , 62 , 1
4 , 68 , 1
1 , 67 , 1
1 , 65 , 2
4 , 57 , 1
2 , 51 , 1
2 , 45 , 2
0 , 42 , 2
1 , 48 , 3
1 , 76 , 1
0 , 67 , 1
1 , 58 , 2
0 , 70 , 2
1 , 59 , 2
2 , 53 , 2
1 , 48 , 1
3 , 47 , 2
0 , 101 , 1
1 , 63 , 3
1 , 68 , 2
2 , 64 , 2
2 , 61 , 1
1 , 46 , 1
1 , 46 , 1
1 , 44 , 2
1 , 41 , 1
0 , 43 , 1
1 , 43 , 2
0 , 45 , 2
1 , 42 , 2
1 , 46 , 1
1 , 82 , 3
1 , 64 , 1
1 , 229 , 2
2 , 45 , 1
1 , 47 , 1
1 , 53 , 1
1 , 42 , 2
0 , 53 , 1
0 , 47 , 2
1 , 47 , 1
1 , 110 , 1
1 , 48 , 1
1 , 44 , 1
1 , 42 , 2
1 , 45 , 2
1 , 44 , 1
1 , 45 , 1
1 , 44 , 2
0 , 46 , 1
1 , 43 , 1
1 , 45 , 1
1 , 44 , 1
1 , 45 , 1
1 , 53 , 1
1 , 47 , 1
1 , 42 , 1
1 , 47 , 1
1 , 47 , 1
1 , 47 , 1
1 , 45 , 1
1 , 49 , 1
3 , 49 , 1
1 , 48 , 1
1 , 43 , 2
1 , 46 , 2
1 , 47 , 1
1 , 47 , 1
1 , 47 , 1
1 , 45 , 1
1 , 44 , 1
1 , 49 , 1
1 , 100 , 2
1 , 42 , 2
1 , 47 , 1
1 , 50 , 1
3 , 43 , 2
0 , 50 , 2
3 , 49 , 2
2 , 48 , 1
1 , 50 , 1
1 , 50 , 1
12 , 46 , 2
1 , 50 , 1
2 , 51 , 1
1 , 49 , 1
1 , 48 , 1
1 , 51 , 1
1 , 50 , 3
2 , 48 , 2
3 , 53 , 1
2 , 52 , 1
2 , 48 , 2
3 , 176 , 1
1 , 43 , 1
1 , 45 , 1
1 , 55 , 1
1 , 46 , 1
1 , 46 , 2
0 , 44 , 1
1 , 58 , 1
2 , 44 , 1
1 , 47 , 1
1 , 48 , 1
1 , 45 , 1
1 , 48 , 1
1 , 47 , 1
1 , 48 , 1
1 , 44 , 2
1 , 47 , 2
0 , 53 , 1
1 , 49 , 2
3 , 54 , 2
1 , 47 , 1
0 , 82 , 1
1 , 43 , 1
1 , 46 , 1
1 , 49 , 1
4 , 46 , 1
1 , 44 , 1
1 , 57 , 1
1 , 48 , 1
0 , 47 , 2
1 , 50 , 2
1 , 46 , 1
1 , 46 , 2
0 , 50 , 1
2 , 47 , 1
0 , 49 , 1
3 , 49 , 1
2 , 73 , 2
1 , 51 , 2
1 , 49 , 2
2 , 50 , 1
3 , 51 , 1
1 , 48 , 1
1 , 49 , 1
1 , 47 , 1
1 , 51 , 1
2 , 47 , 1
1 , 54 , 1
1 , 48 , 1
1 , 54 , 2
2 , 51 , 1
1 , 49 , 5
2 , 53 , 1
2 , 51 , 1
2 , 50 , 2
1 , 50 , 1
0 , 60 , 2
1 , 49 , 1
3 , 55 , 2
1 , 58 , 1
3 , 96 , 1
1 , 47 , 1
1 , 49 , 2
3 , 54 , 1
1 , 51 , 1
2 , 57 , 1
2 , 55 , 1
2 , 54 , 2
1 , 49 , 1
4 , 52 , 1
2 , 55 , 2
1 , 54 , 1
1 , 65 , 2
1 , 51 , 1
1 , 61 , 2
1 , 57 , 1
2 , 52 , 1
2 , 51 , 2
2 , 51 , 1
1 , 54 , 1
1 , 54 , 1
1 , 51 , 2
2 , 53 , 1
2 , 53 , 1
1 , 55 , 1
1 , 53 , 1
2 , 50 , 1
1 , 53 , 2
1 , 51 , 2
1 , 52 , 1
1 , 56 , 2
2 , 55 , 1
1 , 67 , 1
1 , 57 , 2
2 , 53 , 2
1 , 56 , 2
2 , 56 , 1
1 , 53 , 2
1 , 62 , 2
2 , 99 , 2
1 , 50 , 1
2 , 62 , 2
1 , 53 , 2
1 , 69 , 2
1 , 54 , 1
2 , 54 , 1
2 , 65 , 1
1 , 57 , 2
1 , 53 , 1
2 , 57 , 1
0 , 56 , 2
2 , 55 , 1
1 , 59 , 1
2 , 60 , 2
1 , 56 , 2
1 , 59 , 1
1 , 56 , 2
0 , 57 , 2
1 , 56 , 1
1 , 57 , 2
1 , 56 , 2
1 , 58 , 1
2 , 59 , 1
1 , 60 , 2
1 , 58 , 2
1 , 189 , 1
2 , 47 , 1
1 , 52 , 2
1 , 55 , 2
1 , 50 , 2
1 , 57 , 2
1 , 56 , 1
2 , 54 , 2
2 , 49 , 2
1 , 51 , 2
1 , 51 , 1
0 , 49 , 1
1 , 115 , 1
1 , 47 , 1
0 , 56 , 1
1 , 56 , 2
0 , 50 , 2
1 , 50 , 2
2 , 52 , 1
2 , 53 , 2
1 , 55 , 1
1 , 50 , 1
3 , 50 , 2
1 , 57 , 1
2 , 52 , 1
1 , 49 , 1
3 , 49 , 2
2 , 53 , 2
1 , 51 , 2
1 , 52 , 2
1 , 50 , 2
2 , 51 , 1
2 , 58 , 1
2 , 52 , 1
1 , 49 , 2
2 , 52 , 1
2 , 49 , 2
2 , 50 , 2
1 , 52 , 2
1 , 54 , 2
1 , 52 , 2
1 , 51 , 2
1 , 57 , 1
1 , 55 , 2
1 , 55 , 1
1 , 54 , 1
1 , 53 , 1
2 , 56 , 2
1 , 68 , 2
1 , 55 , 1
1 , 53 , 2
1 , 73 , 1
2 , 58 , 1
1 , 52 , 1
1 , 83 , 1
2 , 55 , 2
1 , 55 , 1
1 , 55 , 2
1 , 55 , 2
1 , 53 , 2
1 , 58 , 2
1 , 58 , 1
2 , 60 , 2
2 , 57 , 2
2 , 57 , 1
1 , 57 , 3
1 , 54 , 2
1 , 57 , 1
2 , 58 , 2
2 , 56 , 1
1 , 61 , 2
1 , 55 , 2
1 , 55 , 1
1 , 56 , 1
2 , 58 , 2
1 , 60 , 2
1 , 56 , 2
1 , 60 , 1
2 , 61 , 1
1 , 65 , 1
2 , 85 , 1
2 , 60 , 1
1 , 64 , 1
2 , 61 , 2
1 , 57 , 2
1 , 56 , 2
1 , 57 , 2
1 , 59 , 2
1 , 60 , 2
1 , 64 , 2
1 , 61 , 2
1 , 101 , 2
1 , 58 , 1
2 , 61 , 2
1 , 58 , 1
2 , 60 , 3
1 , 59 , 1
1 , 58 , 1
1 , 69 , 2
1 , 58 , 2
1 , 61 , 1
1 , 61 , 2
1 , 58 , 1
2 , 58 , 3
1 , 61 , 2
1 , 60 , 2
1 , 62 , 2
1 , 60 , 2
1 , 63 , 2
1 , 63 , 1
2 , 61 , 21
1 , 62 , 2
1 , 63 , 1
1 , 71 , 2
2 , 62 , 3
1 , 68 , 2
2 , 62 , 1
1 , 58 , 2
1 , 60 , 1
2 , 61 , 1
1 , 64 , 2
1 , 61 , 2
1 , 60 , 1
1 , 60 , 2
1 , 63 , 1
2 , 62 , 2
1 , 193 , 2
1 , 54 , 2
1 , 58 , 2
1 , 66 , 1
0 , 99 , 2
2 , 72 , 1
0 , 66 , 1
2 , 62 , 9
3 , 60 , 1
1 , 61 , 1
1 , 58 , 1
2 , 59 , 4
1 , 81 , 1
1 , 65 , 1
1 , 67 , 1
2 , 64 , 1
1 , 55 , 2
2 , 62 , 2
1 , 90 , 1
1 , 64 , 1
1 , 72 , 2
1 , 57 , 2
2 , 62 , 1
1 , 69 , 1
1 , 63 , 2
1 , 76 , 1
1 , 88 , 3
1 , 74 , 2
1 , 71 , 1
1 , 66 , 3
1 , 60 , 2
1 , 61 , 2
1 , 56 , 2
2 , 63 , 2
1 , 72 , 3
1 , 75 , 7
1 , 67 , 2
1 , 67 , 2
1 , 66 , 2
1 , 75 , 2
1 , 69 , 1
2 , 62 , 2
1 , 88 , 1
2 , 100 , 2
1 , 68 , 3
1 , 67 , 1
1 , 68 , 2
2 , 68 , 2
1 , 65 , 2
1 , 66 , 1
2 , 70 , 2
2 , 67 , 1
1 , 68 , 2
2 , 82 , 1
2 , 67 , 1
2 , 64 , 2
1 , 65 , 2
2 , 62 , 2
1 , 71 , 2
1 , 69 , 2
1 , 71 , 2
1 , 72 , 1
2 , 82 , 1
2 , 69 , 1
2 , 67 , 2
1 , 73 , 2
1 , 71 , 2
1 , 99 , 1
2 , 69 , 1
1 , 78 , 2
1 , 83 , 2
1 , 86 , 2
1 , 74 , 2
1 , 81 , 2
1 , 71 , 2
1 , 66 , 1
1 , 67 , 2
1 , 67 , 2
1 , 75 , 1
2 , 69 , 2
1 , 81 , 1
2 , 71 , 2
1 , 68 , 1
1 , 92 , 1
1 , 60 , 1
1 , 67 , 2
1 , 67 , 1
1 , 66 , 2
1 , 67 , 2
0 , 72 , 2
1 , 68 , 2
1 , 71 , 2
1 , 76 , 3
1 , 75 , 1
1 , 85 , 2
2 , 73 , 1
1 , 79 , 1
2 , 74 , 3
1 , 76 , 1
1 , 73 , 2
1 , 73 , 2
1 , 66 , 2
0 , 79 , 1
2 , 71 , 2
1 , 658 , 1
2 , 2984 , 1
1 , 57 , 2
1 , 61 , 2
1 , 70 , 2
1 , 65 , 3
1 , 74 , 2
1 , 77 , 1
2 , 78 , 1
1 , 61 , 2
1 , 66 , 1
2 , 61 , 1
1 , 71 , 1
2 , 73 , 1
5 , 64 , 2
0 , 73 , 2
1 , 76 , 2
1 , 67 , 2
1 , 66 , 1
2 , 72 , 2
12 , 92 , 2
1 , 78 , 3
1 , 109 , 2
1 , 75 , 2
1 , 86 , 2
0 , 83 , 2
1 , 91 , 4
2 , 82 , 2
1 , 73 , 2
2 , 79 , 2
2 , 91 , 1
1 , 88 , 1
2 , 94 , 2
1 , 89 , 3
1 , 87 , 2
7 , 72 , 1
10 , 75 , 2
1 , 65 , 2
1 , 71 , 1
1 , 68 , 1
2 , 68 , 1
1 , 81 , 3
1 , 71 , 1
2 , 73 , 3
1 , 71 , 2
1 , 79 , 1
2 , 102 , 1
1 , 67 , 1
1 , 82 , 2
1 , 98 , 1
1 , 91 , 2
1 , 69 , 2
1 , 75 , 2
1 , 79 , 2
1 , 79 , 1
1 , 79 , 2
1 , 77 , 2
1 , 100 , 13
1 , 66 , 2
1 , 73 , 2
2 , 78 , 1
1 , 77 , 1
2 , 79 , 1
0 , 75 , 1
1 , 75 , 2
1 , 79 , 1
1 , 73 , 3
1 , 81 , 2
1 , 77 , 2
1 , 76 , 2
1 , 77 , 3
1 , 86 , 2
1 , 174 , 2
2 , 96 , 2
1 , 84 , 1
1 , 80 , 2
1 , 155 , 1
1 , 97 , 1
4 , 125 , 1
0 , 182 , 4
2 , 99 , 2
4 , 178 , 4
0 , 115 , 2
1 , 75 , 1
1 , 78 , 2
2 , 89 , 2
1 , 77 , 2
1 , 78 , 2
1 , 86 , 2
1 , 84 , 1
2 , 83 , 1
2 , 88 , 2
1 , 71 , 2
1 , 80 , 2
1 , 87 , 2
1 , 124 , 1
1 , 77 , 2
2 , 71 , 2
1 , 77 , 2
1 , 76 , 2
1 , 80 , 1
2 , 79 , 1
2 , 82 , 2
1 , 83 , 2
1 , 78 , 2
1 , 82 , 2
1 , 83 , 1
1 , 82 , 2
1 , 304 , 1
1 , 71 , 1
1 , 89 , 2
1 , 74 , 1
2 , 68 , 2
1 , 78 , 2
1 , 70 , 2
2 , 78 , 2
1 , 66 , 2
1 , 71 , 2
2 , 69 , 2
1 , 74 , 2
1 , 81 , 2
1 , 78 , 2
1 , 83 , 2
1 , 76 , 1
2 , 76 , 3
2 , 70 , 1
1 , 77 , 2
2 , 73 , 2
1 , 73 , 2
1 , 73 , 2
2 , 72 , 1
1 , 82 , 2
1 , 75 , 2
1 , 122 , 5
19 , 106 , 2
1 , 74 , 2
1 , 86 , 1
1 , 81 , 1
2 , 86 , 2
1 , 81 , 2
1 , 85 , 2
1 , 77 , 2
2 , 72 , 2
1 , 73 , 2
2 , 73 , 2
2 , 78 , 2
1 , 81 , 2
1 , 82 , 1
1 , 73 , 1
2 , 83 , 1
1 , 75 , 1
2 , 76 , 2
2 , 74 , 2
1 , 80 , 1
2 , 82 , 2
1 , 75 , 2
1 , 83 , 2
1 , 80 , 2
1 , 95 , 2
1 , 79 , 2
1 , 82 , 2
1 , 83 , 2
1 , 75 , 1
1 , 84 , 2
1 , 80 , 2
1 , 83 , 2
1 , 75 , 3
1 , 93 , 2
2 , 79 , 2
1 , 81 , 2
1 , 75 , 2
2 , 76 , 5
1 , 77 , 3
1 , 83 , 2
1 , 126 , 2
1 , 78 , 1
1 , 84 , 2
1 , 84 , 2
1 , 82 , 1
2 , 86 , 1
2 , 90 , 1
1 , 105 , 2
2 , 80 , 2
2 , 80 , 2
1 , 77 , 1
2 , 92 , 1
1 , 87 , 1
1 , 87 , 2
1 , 86 , 1
0 , 82 , 2
1 , 80 , 2
2 , 85 , 2
1 , 87 , 1
0 , 87 , 1
2 , 86 , 2
1 , 85 , 2
2 , 80 , 2
2 , 77 , 2
1 , 80 , 2
1 , 81 , 1
2 , 80 , 3
1 , 83 , 1
2 , 83 , 1
2 , 78 , 2
2 , 110 , 2
1 , 79 , 3
1 , 96 , 2
2 , 83 , 2
2 , 88 , 2
2 , 88 , 2
2 , 79 , 2
1 , 494 , 2
0 , 68 , 1
2 , 86 , 2
1 , 78 , 2
1 , 76 , 2
1 , 76 , 2
2 , 80 , 2
1 , 76 , 1
1 , 73 , 2
1 , 140 , 1
0 , 78 , 2
1 , 120 , 1
1 , 80 , 1
1 , 80 , 2
2 , 81 , 2
2 , 78 , 3
1 , 85 , 1
1 , 82 , 2
2 , 85 , 2
1 , 82 , 2
1 , 88 , 2
1 , 83 , 2
1 , 84 , 1
2 , 81 , 2
1 , 83 , 2
1 , 86 , 2
1 , 79 , 1
1 , 80 , 2
1 , 83 , 2
1 , 88 , 2
1 , 84 , 1
2 , 86 , 2
1 , 80 , 1
1 , 82 , 2
1 , 93 , 1
1 , 83 , 2
1 , 98 , 1
1 , 81 , 2
2 , 97 , 2
1 , 84 , 2
1 , 126 , 2
2 , 82 , 2
2 , 78 , 2
2 , 79 , 2
1 , 83 , 2
1 , 82 , 2
1 , 85 , 2
1 , 92 , 2
1 , 87 , 1
2 , 83 , 2
1 , 87 , 1
2 , 82 , 1
1 , 77 , 2
1 , 86 , 1
2 , 82 , 2
1 , 85 , 2
1 , 104 , 2
1 , 82 , 2
1 , 83 , 2
2 , 86 , 3
1 , 82 , 2
1 , 84 , 2
1 , 91 , 2
1 , 87 , 2
1 , 86 , 1
2 , 90 , 2
1 , 80 , 1
1 , 102 , 7
1 , 123 , 1
1 , 80 , 2
1 , 83 , 2
1 , 87 , 1
2 , 85 , 2
1 , 82 , 1
2 , 96 , 2
1 , 108 , 1
1 , 83 , 2
1 , 203 , 2
0 , 93 , 2
1 , 130 , 2
1 , 82 , 2
1 , 87 , 1
1 , 88 , 3
2 , 96 , 2
0 , 86 , 2
1 , 98 , 2
1 , 135 , 2
1 , 83 , 2
1 , 86 , 2
1 , 89 , 2
1 , 89 , 2
1 , 88 , 2
1 , 89 , 2
1 , 83 , 2
1 , 87 , 2
2 , 84 , 2
1 , 82 , 3
1 , 95 , 2
1 , 90 , 2
1 , 107 , 8
1 , 83 , 2
1 , 89 , 2
1 , 88 , 2
1 , 83 , 3
1 , 89 , 2
1 , 83 , 2
3 , 88 , 2
1 , 86 , 2
2 , 92 , 1
2 , 99 , 1
1 , 94 , 2
1 , 90 , 2
1 , 87 , 3
1 , 96 , 1
1 , 101 , 2
1 , 90 , 2
1 , 85 , 2
1 , 427 , 2
1 , 78 , 2
0 , 91 , 1
0 , 82 , 2
1 , 81 , 2
1 , 83 , 2
1 , 81 , 2
1 , 94 , 1
1 , 87 , 1
2 , 83 , 2
2 , 83 , 2
2 , 86 , 1
1 , 77 , 1
1 , 92 , 2
1 , 79 , 1
1 , 87 , 2
1 , 84 , 2
1 , 85 , 2
1 , 86 , 1
0 , 86 , 2
1 , 191 , 1
1 , 155 , 14
0 , 87 , 1
1 , 87 , 2
2 , 88 , 2
2 , 85 , 2
2 , 87 , 1
2 , 86 , 3
1 , 86 , 2
1 , 93 , 2
1 , 83 , 2
1 , 90 , 1
1 , 85 , 2
1 , 80 , 2
1 , 84 , 2
1 , 80 , 2
1 , 88 , 2
1 , 83 , 1
2 , 84 , 2
2 , 88 , 1
2 , 96 , 2
2 , 108 , 2
1 , 88 , 1
1 , 88 , 1
1 , 87 , 2
1 , 86 , 1
2 , 90 , 2
1 , 94 , 2
1 , 91 , 2
1 , 84 , 2
1 , 93 , 2
1 , 92 , 2
1 , 89 , 2
1 , 88 , 2
1 , 92 , 1
2 , 89 , 2
1 , 87 , 2
1 , 95 , 1
1 , 87 , 1
1 , 83 , 2
1 , 90 , 2
1 , 87 , 2
1 , 100 , 2
1 , 92 , 2
2 , 98 , 2
1 , 125 , 2
1 , 85 , 2
1 , 84 , 1
1 , 87 , 2
1 , 89 , 2
1 , 92 , 1
1 , 89 , 2
2 , 93 , 2
0 , 90 , 2
1 , 94 , 2
0 , 90 , 2
1 , 93 , 1
1 , 85 , 2
2 , 97 , 2
1 , 112 , 2
1 , 85 , 2
1 , 92 , 2
1 , 87 , 2
1 , 104 , 1
0 , 94 , 2
2 , 85 , 2
1 , 90 , 1
1 , 90 , 2
1 , 92 , 1
2 , 91 , 1
1 , 92 , 1
1 , 88 , 2
1 , 93 , 2
0 , 92 , 2
1 , 92 , 2
1 , 90 , 1
1 , 100 , 2
0 , 95 , 3
1 , 92 , 2
2 , 91 , 2
0 , 95 , 2
1 , 103 , 2
1 , 111 , 3
0 , 90 , 2
1 , 99 , 1
1 , 97 , 2
2 , 91 , 2
1 , 100 , 2
1 , 93 , 2
1 , 89 , 2
1 , 103 , 1
2 , 92 , 2
1 , 1123 , 1
0 , 109 , 2
1 , 101 , 3
1 , 108 , 1
0 , 93 , 2
1 , 116 , 1
45 , 99 , 2
1 , 93 , 1
1 , 92 , 2
2 , 106 , 2
6 , 107 , 2
1 , 97 , 2
1 , 106 , 2
0 , 97 , 2
1 , 95 , 2
1 , 91 , 2
1 , 113 , 2
1 , 106 , 4
1 , 95 , 2
1 , 92 , 2
1 , 96 , 1
1 , 96 , 2
1 , 92 , 1
1 , 88 , 5
1 , 97 , 2
1 , 123 , 3
1 , 95 , 2
1 , 95 , 2
2 , 100 , 2
1 , 357 , 1
1 , 95 , 1
1 , 151 , 2
10 , 102 , 2
1 , 93 , 2
1 , 105 , 2
0 , 187 , 2
2 , 104 , 2
1 , 113 , 2
2 , 157 , 2
2 , 123 , 4
2 , 90 , 1
2 , 95 , 2
2 , 318 , 3
1 , 160 , 1
1 , 95 , 2
1 , 213 , 2
6 , 129 , 1
19 , 119 , 3
0 , 226 , 2
0 , 89 , 2
0 , 66 , 2
1 , 77 , 2
1 , 74 , 12
1 , 107 , 1
2 , 84 , 2
1 , 82 , 4
1 , 114 , 3
1 , 82 , 2
1 , 87 , 2
1 , 110 , 2
1 , 91 , 1
2 , 101 , 1
1 , 94 , 1
2 , 132 , 2
1 , 154 , 1
1 , 95 , 23
1 , 288 , 3
2 , 97 , 2
1 , 104 , 2
1 , 267 , 1
1 , 534 , 16
2 , 461 , 2
3 , 828 , 2
1 , 478 , 1
1 , 208 , 2
1 , 142 , 1
1 , 568 , 2
8 , 382 , 2
1 , 187 , 2
1 , 277 , 12
1 , 131 , 3
5 , 225 , 2
1 , 205 , 1
1 , 96 , 2
1 , 135 , 1
2 , 157 , 2
1 , 106 , 2
1 , 132 , 2
2 , 93 , 2
2 , 119 , 2
2 , 91 , 2
2 , 201 , 2
1 , 97 , 2
2 , 105 , 3
1 , 153 , 7
14 , 578 , 5
4 , 330 , 5
7 , 203 , 1
0 , 101 , 1
1 , 171 , 1
1 , 98 , 1
1 , 98 , 1
2 , 98 , 7
4 , 99 , 1
1 , 99 , 2
1 , 101 , 1
3 , 118 , 1
1 , 102 , 3
1 , 102 , 2
2 , 98 , 3
1 , 110 , 3
1 , 110 , 2
1 , 103 , 1
1 , 123 , 2
1 , 163 , 2
0 , 164 , 2
1 , 183 , 1
1 , 187 , 2
1 , 140 , 2
1 , 142 , 2
1 , 99 , 2
1 , 195 , 1
1 , 185 , 2
1 , 113 , 1
1 , 1079 , 2
1 , 85 , 2
1 , 160 , 2
1 , 91 , 2
16 , 100 , 2
5 , 145 , 1
5 , 109 , 1
2 , 138 , 1
1 , 115 , 1
1 , 147 , 1
3 , 90 , 3
1 , 97 , 3
2 , 95 , 3
1 , 98 , 3
2 , 130 , 2
2 , 170 , 2
1 , 86 , 3
1 , 112 , 2
2 , 97 , 3
1 , 99 , 2
1 , 91 , 2
2 , 93 , 1
2 , 93 , 2
2 , 100 , 2
1 , 90 , 2
2 , 85 , 1
1 , 90 , 2
2 , 101 , 2
1 , 94 , 1
2 , 90 , 2
1 , 91 , 2
2 , 95 , 2
2 , 94 , 2
2 , 130 , 3
1 , 151 , 2
1 , 93 , 1
2 , 96 , 1
2 , 89 , 2
2 , 102 , 2
2 , 95 , 1
3 , 102 , 2
2 , 131 , 2
2 , 91 , 2
2 , 87 , 2
1 , 88 , 2
2 , 104 , 1
2 , 95 , 1
1 , 109 , 1
3 , 126 , 3
1 , 91 , 2
3 , 91 , 2
1 , 101 , 3
1 , 126 , 1
2 , 96 , 1
2 , 99 , 2
1 , 89 , 1
2 , 106 , 2
1 , 98 , 1
1 , 105 , 4
3 , 96 , 2
2 , 94 , 1
2 , 95 , 2
2 , 116 , 2
2 , 98 , 1
1 , 123 , 3
2 , 100 , 3
1 , 97 , 4
1 , 102 , 1
1 , 110 , 1
1 , 126 , 2
1 , 97 , 2
1 , 103 , 2
1 , 96 , 2
0 , 94 , 2
1 , 103 , 2
1 , 98 , 2
2 , 98 , 1
2 , 116 , 2
1 , 98 , 3
1 , 152 , 2
2 , 100 , 2
3 , 89 , 1
2 , 97 , 2
1 , 95 , 2
2 , 96 , 2
2 , 90 , 2
2 , 98 , 2
2 , 91 , 2
2 , 109 , 2
1 , 105 , 2
2 , 91 , 1
2 , 99 , 1
1 , 135 , 2
2 , 92 , 2
1 , 95 , 1
1 , 107 , 1
1 , 100 , 2
2 , 102 , 1
1 , 240 , 2
1 , 172 , 2
2 , 120 , 3
0 , 96 , 1
2 , 118 , 2
1 , 111 , 2
2 , 101 , 2
1 , 271 , 2
0 , 201 , 2
1 , 138 , 2
1 , 108 , 10
1 , 151 , 2
3 , 137 , 2
1 , 124 , 2
2 , 225 , 2
1 , 299 , 1
1 , 247 , 2
10 , 167 , 1
0 , 245 , 1
0 , 213 , 2
0 , 1787 , 2
2 , 128 , 6
1 , 253 , 2
2 , 191 , 2
1 , 100 , 2
2 , 102 , 2
1 , 127 , 2
4 , 125 , 2
2 , 125 , 1
2 , 109 , 1
1 , 98 , 2
2 , 180 , 1
1 , 92 , 2
0 , 99 , 2
0 , 123 , 2
0 , 96 , 2
1 , 103 , 3
1 , 100 , 2
1 , 115 , 2
2 , 92 , 2
2 , 17259 , 1
1 , 190 , 1
1 , 134 , 2
1 , 92 , 2
2 , 105 , 3
4 , 135 , 2
1 , 138 , 3
1 , 183 , 2
2 , 130 , 2
13 , 121 , 2
2 , 184 , 3
1 , 153 , 2
1 , 128 , 4
1 , 109 , 2
2 , 215 , 9
1 , 176 , 2
0 , 171 , 2
1 , 228 , 2
1 , 172 , 4
0 , 123 , 2
1 , 213 , 2
1 , 141 , 50
1 , 119 , 2
1 , 141 , 2
1 , 113 , 2
2 , 112 , 2
1 , 146 , 1
1 , 123 , 2
1 , 95 , 1
3 , 96 , 2
1 , 101 , 2
1 , 98 , 1
1 , 107 , 21
1 , 158 , 1
0 , 112 , 1
1 , 153 , 3
1 , 132 , 2
1 , 144 , 2
1 , 142 , 2
1 , 148 , 1
1 , 121 , 3
1 , 122 , 1
2 , 102 , 1
1 , 105 , 1
1 , 102 , 2
1 , 96 , 2
2 , 95 , 2
1 , 96 , 1
1 , 98 , 2
2 , 120 , 2
1 , 121 , 2
0 , 128 , 2
1 , 127 , 2
1 , 4916 , 2
1 , 234 , 2
1 , 138 , 4
5 , 113 , 2
4 , 117 , 2
4 , 171 , 4
1 , 1204 , 4
2 , 471 , 2
21 , 770 , 19
1 , 165 , 2
0 , 260 , 1
1 , 299 , 4
2 , 320 , 3
1 , 120 , 1
1 , 205 , 3
1 , 191 , 1
0 , 105 , 2
1 , 261 , 1
1 , 129 , 1
1 , 115 , 2
0 , 146 , 3
0 , 153 , 2
0 , 271 , 3
1 , 160 , 2
1 , 145 , 2
2 , 119 , 1
3 , 125 , 1
0 , 101 , 2
2 , 119 , 2
7 , 131 , 2
1 , 146 , 1
1 , 274 , 1
1 , 134 , 2
2 , 158 , 2
1 , 121 , 1
1 , 159 , 2
1 , 153 , 2
1 , 127 , 1
3 , 125 , 2
1 , 128 , 2
1 , 118 , 2
2 , 118 , 2
1 , 154 , 2
2 , 163 , 3
1 , 134 , 4
1 , 154 , 1
1 , 334 , 1
1 , 110 , 2
2 , 139 , 2
2 , 141 , 2
1 , 116 , 2
1 , 192 , 2
1 , 133 , 2
1 , 131 , 2
2 , 111 , 2
2 , 116 , 1
2 , 147 , 2
1 , 114 , 1
2 , 133 , 3
1 , 98 , 1
3 , 103 , 1
1 , 132 , 1
2 , 103 , 3
18 , 95 , 2
2 , 471 , 5
1 , 231 , 2
2 , 168 , 3
1 , 126 , 4
2 , 240 , 3
1 , 203 , 2
9 , 202 , 3
25 , 148 , 3
1 , 159 , 2
1 , 159 , 2
1 , 151 , 2
1 , 135 , 2
1 , 127 , 3
1 , 126 , 2
2 , 152 , 2
0 , 122 , 5
0 , 117 , 2
1 , 103 , 2
1 , 126 , 2
1 , 113 , 2
1 , 124 , 2
0 , 140 , 3
1 , 128 , 2
1 , 196 , 1
1 , 178 , 4
2 , 195 , 3
2 , 143 , 2
2 , 168 , 1
1 , 229 , 3
9 , 205 , 4
1 , 198 , 5
1 , 175 , 3
1 , 182 , 3
2 , 176 , 4
2 , 145 , 3
1 , 135 , 2
1 , 220 , 6
1 , 171 , 4
1 , 536 , 6
1 , 676 , 17
2 , 274 , 2
1 , 232 , 2
1 , 206 , 5
3 , 215 , 2
1 , 155 , 24
6 , 197 , 2
1 , 243 , 2
0 , 179 , 9
2 , 129 , 1
1 , 141 , 2
2 , 120 , 2
0 , 127 , 2
1 , 116 , 2
1 , 132 , 2
2 , 123 , 2
1 , 111 , 2
1 , 120 , 2
1 , 279 , 3
1 , 549 , 2
0 , 382 , 12
1 , 270 , 2
2 , 145 , 2
1 , 152 , 4
1 , 249 , 3
1 , 384 , 2
7 , 247 , 7
1 , 166 , 2
1 , 152 , 2
1 , 226 , 3
6 , 219 , 2
1 , 144 , 2
1 , 208 , 4
1 , 109 , 1
3 , 6441 , 3
16 , 188 , 3
1 , 178 , 2
1 , 129 , 2
1 , 127 , 2
7 , 193 , 3
1 , 156 , 2
0 , 151 , 2
1 , 124 , 2
4 , 146 , 2
1 , 126 , 3
1 , 110 , 1
2 , 102 , 2
1 , 104 , 2
1 , 103 , 2
1 , 96 , 1
2 , 100 , 2
2 , 101 , 2
1 , 105 , 1
2 , 103 , 1
1 , 318 , 2
2 , 129 , 2
1 , 128 , 1
1 , 130 , 5
0 , 125 , 2
0 , 119 , 2
1 , 132 , 2
10 , 267 , 3
1 , 662 , 3
1 , 378 , 2
1 , 101 , 2
1 , 123 , 2
1 , 370 , 5
2 , 251 , 2
1 , 149 , 2
16 , 127 , 3
16 , 127 , 2
1 , 143 , 5
1 , 134 , 2
1 , 148 , 3
1 , 144 , 1
1 , 99 , 1
1 , 107 , 2
1 , 98 , 1
2 , 102 , 2
0 , 111 , 2
0 , 138 , 1
2 , 144 , 2
0 , 117 , 2
2 , 129 , 3
1 , 117 , 3
1 , 135 , 2
1 , 111 , 2
0 , 136 , 1
1 , 205 , 3
2 , 127 , 2
1 , 125 , 4
1 , 194 , 2
1 , 108 , 2
1 , 135 , 2
1 , 142 , 2
1 , 252 , 22
1 , 395 , 2
1 , 183 , 1
1 , 146 , 3
1 , 130 , 7
94 , 139 , 2
0 , 130 , 2
1 , 126 , 1
1 , 130 , 3
0 , 156 , 2
1 , 160 , 3
0 , 193 , 7
1 , 253 , 3
1 , 146 , 4
1 , 176 , 2
1 , 331 , 5
2 , 374 , 2
1 , 378 , 4
1 , 232 , 2
7 , 156 , 2
6 , 206 , 3
9 , 167 , 2
2 , 126 , 2
1 , 105 , 2
1 , 121 , 2
3 , 157 , 4
0 , 141 , 2
1 , 165 , 2
1 , 125 , 1
1 , 117 , 2
1 , 115 , 2
1 , 111 , 2
0 , 237 , 5
1 , 115 , 1
1 , 142 , 2
1 , 142 , 2
1 , 113 , 2
2 , 115 , 3
1 , 229 , 3
2 , 200 , 2
1 , 159 , 3
0 , 140 , 4
0 , 122 , 2
1 , 126 , 2
12 , 108 , 2
1 , 125 , 2
1 , 123 , 2
2 , 137 , 2
1 , 212 , 2
1 , 152 , 2
0 , 225 , 5
1 , 289 , 2
2 , 158 , 3
0 , 142 , 3
7 , 177 , 1
0 , 131 , 2
1 , 136 , 7
1 , 147 , 2
1 , 124 , 5
1 , 238 , 1
1 , 157 , 3
1 , 143 , 2
1 , 118 , 2
1 , 145 , 2
2 , 112 , 2
1 , 110 , 3
1 , 121 , 2
1 , 134 , 2
0 , 113 , 1
1 , 4335 , 3
1 , 358 , 3
1 , 186 , 2
1 , 128 , 2
7 , 122 , 17
0 , 199 , 1
1 , 116 , 1
1 , 106 , 2
0 , 134 , 2
0 , 133 , 5
1 , 219 , 1
1 , 173 , 2
2 , 162 , 2
1 , 147 , 2
1 , 154 , 5
1 , 116 , 5
0 , 120 , 2
1 , 117 , 2
1 , 131 , 2
1 , 157 , 2
1 , 147 , 2
1 , 165 , 1
1 , 148 , 2
1 , 158 , 2
1 , 148 , 2
1 , 150 , 1
1 , 127 , 2
1 , 122 , 2
3 , 119 , 1
1 , 118 , 2
1 , 173 , 2
1 , 123 , 2
3 , 184 , 2
1 , 135 , 2
1 , 116 , 2
1 , 119 , 2
0 , 144 , 4
3 , 152 , 2
1 , 137 , 1
1 , 136 , 2
1 , 114 , 2
1 , 125 , 1
1 , 134 , 2
1 , 132 , 2
1 , 126 , 2
2 , 135 , 2
1 , 130 , 2
1 , 138 , 2
1 , 160 , 2
0 , 149 , 2
3 , 111 , 2
0 , 125 , 2
1 , 187 , 2
1 , 118 , 3
0 , 111 , 2
4 , 110 , 1
2 , 109 , 3
1 , 118 , 2
1 , 107 , 2
1 , 106 , 1
2 , 107 , 3
1 , 121 , 2
1 , 120 , 2
1 , 109 , 2
2 , 147 , 4
1 , 138 , 3
3 , 136 , 3
1 , 107 , 1
1 , 122 , 2
1 , 117 , 2
2 , 176 , 2
1 , 116 , 2
2 , 111 , 2
2 , 114 , 2
1 , 116 , 1
1 , 163 , 3
1 , 138 , 2
1 , 110 , 2
1 , 158 , 2
1 , 153 , 3
1 , 175 , 6
1 , 157 , 6
1 , 149 , 2
0 , 130 , 2
2 , 115 , 2
1 , 121 , 2
2 , 106 , 1
1 , 126 , 3
1 , 137 , 2
1 , 346 , 3
3 , 190 , 2
1 , 133 , 2
1 , 118 , 2
0 , 112 , 4
1 , 111 , 3
2 , 155 , 2
0 , 116 , 2
1 , 131 , 2
1 , 147 , 2
2 , 233 , 3
1 , 208 , 3
1 , 151 , 3
16 , 164 , 2
17 , 183 , 2
1 , 131 , 2
1 , 115 , 2
1 , 145 , 2
1 , 142 , 2
1 , 120 , 2
1 , 112 , 2
2 , 115 , 1
1 , 120 , 3
3 , 149 , 3
1 , 167 , 3
1 , 170 , 3
1 , 154 , 3
1 , 118 , 2
0 , 112 , 2
1 , 135 , 2
1 , 130 , 2
1 , 116 , 2
1 , 121 , 2
1 , 117 , 3
1 , 124 , 2
1 , 121 , 2
1 , 120 , 2
1 , 119 , 2
1 , 128 , 1
1 , 85 , 1
1 , 88 , 2
0 , 119 , 4
1 , 116 , 2
1 , 173 , 3
3 , 126 , 1
2 , 120 , 2
2 , 141 , 2
1 , 123 , 2
1 , 120 , 2
5 , 127 , 1
3 , 117 , 2
0 , 114 , 1
1 , 5381 , 2
1 , 175 , 1
5 , 169 , 3
1 , 1012 , 17
1 , 1529 , 11
4 , 1011 , 14
3 , 344 , 5
3 , 222 , 6
3 , 233 , 3
1 , 235 , 5
2 , 198 , 2
1 , 160 , 3
1 , 215 , 3
1 , 226 , 3
0 , 193 , 3
1 , 216 , 5
1 , 308 , 4
0 , 216 , 2
0 , 212 , 2
0 , 213 , 4
1 , 212 , 3
1 , 231 , 1
1 , 145 , 2
2 , 199 , 2
1 , 230 , 3
1 , 591 , 3
1 , 363 , 7
17 , 323 , 3
1 , 197 , 2
2 , 168 , 5
1 , 204 , 4
0 , 192 , 4
1 , 211 , 2
2 , 191 , 3
2 , 145 , 3
1 , 127 , 2
1 , 136 , 2
0 , 439 , 4
1 , 436 , 4
1 , 194 , 2
10 , 146 , 1
1 , 266 , 7
1 , 177 , 3
1 , 223 , 6
1 , 682 , 6
1 , 449 , 4
1 , 432 , 2
1 , 274 , 3
1 , 389 , 11
1 , 397 , 6
4 , 258 , 3
4 , 207 , 2
1 , 248 , 4
1 , 171 , 2
1 , 132 , 4
1 , 125 , 3
1 , 655 , 5
1 , 939 , 4
11 , 495 , 4
0 , 390 , 2
1 , 410 , 18
7 , 567 , 5
2 , 367 , 7
2 , 230 , 4
1 , 380 , 4
2 , 377 , 9
1 , 356 , 7
1 , 283 , 3
2 , 243 , 2
1 , 275 , 3
6 , 168 , 3
0 , 206 , 2
1 , 304 , 6
1 , 221 , 2
2 , 359 , 4
1 , 228 , 4
1 , 163 , 4
1 , 171 , 3
0 , 169 , 3
11 , 183 , 3
1 , 187 , 3
1 , 189 , 4
1 , 201 , 3
1 , 195 , 3
1 , 199 , 2
3 , 261 , 3
2 , 233 , 3
1 , 254 , 4
1 , 308 , 3
8 , 183 , 2
9 , 202 , 4
1 , 229 , 2
0 , 148 , 3
1 , 164 , 3
1 , 155 , 3
1 , 157 , 2
1 , 152 , 3
1 , 164 , 5
1 , 159 , 2
1 , 144 , 2
0 , 111 , 2
0 , 216 , 3
1 , 340 , 4
0 , 258 , 4
1 , 379 , 4
12 , 184 , 4
2 , 172 , 2
2 , 133 , 2
2 , 137 , 2
1 , 136 , 2
1 , 202 , 7
1 , 191 , 2
1 , 196 , 3
1 , 174 , 3
2 , 160 , 2
1 , 142 , 3
1 , 137 , 2
1 , 123 , 2
2 , 128 , 3
1 , 137 , 2
1 , 136 , 3
1 , 166 , 2
2 , 125 , 2
1 , 157 , 2
0 , 163 , 2
1 , 226 , 4
1 , 178 , 2
1 , 157 , 2
1 , 161 , 1
2 , 182 , 3
2 , 206 , 3
0 , 214 , 2
1 , 240 , 4
1 , 236 , 2
1 , 11079 , 6
2 , 204 , 3
6 , 181 , 3
2 , 336 , 183
1 , 578 , 5
1 , 446 , 34
1 , 264 , 3
2 , 900 , 3
1 , 257 , 3
1 , 200 , 2
16 , 192 , 6
2 , 192 , 4
2 , 171 , 4
2 , 173 , 5
2 , 167 , 4
1 , 173 , 3
2 , 183 , 4
1 , 183 , 4
1 , 184 , 4
1 , 232 , 3
2 , 191 , 4
1 , 196 , 10
1 , 202 , 3
0 , 299 , 5
0 , 173 , 4
1 , 212 , 3
0 , 248 , 5
1 , 170 , 2
1 , 191 , 2
1 , 161 , 1
1 , 187 , 4
1 , 204 , 4
1 , 238 , 4
2 , 252 , 3
1 , 224 , 5
1 , 335 , 3
3 , 230 , 7
2 , 207 , 4
1 , 259 , 7
0 , 204 , 6
1 , 272 , 3
6 , 211 , 2
0 , 148 , 4
1 , 198 , 2
0 , 185 , 2
1 , 151 , 1
2 , 184 , 3
1 , 95 , 2
0 , 341 , 7
1 , 319 , 4
1 , 281 , 3
1 , 287 , 5
2 , 245 , 3
1 , 248 , 2
2 , 218 , 3
1 , 231 , 2
2 , 200 , 4
1 , 236 , 5
3 , 379 , 27
1 , 313 , 3
1 , 191 , 2
0 , 165 , 2
3 , 154 , 3
1 , 160 , 2
0 , 191 , 5
1 , 151 , 2
1 , 272 , 8
1 , 271 , 2
1 , 286 , 2
1 , 169 , 3
1 , 210 , 3
1 , 183 , 3
1 , 782 , 19
9 , 499 , 2
0 , 308 , 8
2 , 682 , 6
5 , 357 , 3
1 , 189 , 3
0 , 211 , 3
1 , 196 , 4
1 , 212 , 4
0 , 256 , 2
1 , 184 , 2
1 , 145 , 1
10 , 177 , 3
1 , 159 , 2
1 , 106 , 2
0 , 113 , 2
1 , 116 , 2
1 , 130 , 3
3 , 153 , 2
1 , 141 , 1
2 , 131 , 2
0 , 130 , 2
1 , 165 , 2
1 , 140 , 2
2 , 200 , 1
1 , 133 , 2
1 , 132 , 1
1 , 130 , 2
0 , 133 , 2
1 , 129 , 2
1 , 125 , 2
0 , 126 , 2
1 , 134 , 3
1 , 133 , 3
0 , 179 , 2
3 , 381 , 2
1 , 145 , 2
1 , 147 , 2
1 , 241 , 9
1 , 243 , 4
1 , 289 , 4
3 , 541 , 10
4 , 297 , 2
1 , 265 , 5
1 , 288 , 5
0 , 271 , 4
0 , 244 , 5
1 , 244 , 9
1 , 269 , 3
1 , 364 , 5
1 , 292 , 3
1 , 266 , 2
3 , 277 , 5
1 , 278 , 3
1 , 207 , 3
2 , 240 , 3
1 , 357 , 3
1 , 220 , 3
16 , 213 , 3
1 , 223 , 2
2 , 190 , 2
1 , 194 , 2
2 , 205 , 3
2 , 151 , 3
1 , 141 , 2
1 , 148 , 2
1 , 160 , 2
1 , 146 , 2
8 , 161 , 2
3 , 129 , 2
2 , 142 , 3
1 , 158 , 2
1 , 9722 , 7
22 , 224 , 3
1 , 210 , 4
2 , 221 , 4
1 , 185 , 5
16 , 179 , 3
2 , 180 , 3
2 , 253 , 3
2 , 224 , 4
1 , 217 , 3
1 , 186 , 2
1 , 407 , 6
1 , 214 , 3
1 , 228 , 12
5 , 224 , 3
1 , 284 , 3
1 , 223 , 3
1 , 301 , 7
1 , 234 , 6
1 , 294 , 3
1 , 314 , 3
15 , 397 , 21
0 , 328 , 3
15 , 232 , 3
1 , 208 , 2
1 , 192 , 5
1 , 919 , 6
0 , 964 , 11
1 , 643 , 7
1 , 746 , 4
1 , 251 , 6
1 , 293 , 5
1 , 323 , 6
3 , 274 , 6
3 , 221 , 3
1 , 234 , 3
1 , 225 , 3
1 , 223 , 4
1 , 233 , 3
1 , 239 , 4
1 , 299 , 4
2 , 259 , 4
1 , 376 , 5
1 , 238 , 4
2 , 334 , 8
1 , 307 , 6
1 , 447 , 6
1 , 300 , 7
1 , 251 , 3
2 , 465 , 7
2 , 289 , 6
2 , 314 , 6
1 , 755 , 4
1 , 380 , 8
1 , 340 , 11
1 , 264 , 4
9 , 240 , 3
2 , 252 , 12
5 , 1328 , 5
3 , 1123 , 30
2 , 1230 , 6
3 , 349 , 4
2 , 283 , 4
14 , 211 , 2
3 , 377 , 45
6 , 359 , 5
1 , 334 , 5
2 , 254 , 3
1 , 269 , 5
2 , 359 , 3
1 , 233 , 4
1 , 239 , 6
2 , 211 , 3
1 , 220 , 2
1 , 224 , 3
6 , 231 , 3
7 , 287 , 2
0 , 586 , 6
9 , 349 , 2
3 , 278 , 2
1 , 1265 , 4
1 , 626 , 4
1 , 566 , 15
1 , 664 , 14
1 , 297 , 3
8 , 355 , 5
1 , 533 , 11
16 , 272 , 12
2 , 458 , 3
0 , 318 , 3
6 , 390 , 10
1 , 532 , 7
1 , 762 , 8
1 , 567 , 4
1 , 498 , 12
3 , 351 , 5
1 , 976 , 6
12 , 358 , 16
0 , 863 , 3
1 , 408 , 3
6 , 367 , 8
1 , 329 , 4
1 , 413 , 2
2 , 284 , 2
1 , 203 , 4
1 , 1141 , 11
2 , 653 , 10
4 , 498 , 6
1 , 680 , 9
1 , 632 , 8
3 , 807 , 3
0 , 330 , 3
1 , 278 , 3
9 , 221 , 3
1 , 198 , 3
1 , 193 , 3
2 , 189 , 3
0 , 238 , 3
1 , 227 , 3
1 , 277 , 3
1 , 210 , 3
1 , 303 , 3
2 , 202 , 5
2 , 264 , 4
5 , 234 , 7
1 , 204 , 4
2 , 237 , 4
1 , 223 , 3
1 , 230 , 3
1 , 210 , 5
1 , 477 , 10
6 , 662 , 8
2 , 547 , 5
1 , 253 , 4
1 , 266 , 5
0 , 242 , 3
1 , 298 , 4
1 , 257 , 3
1 , 26672 , 6
2 , 837 , 38
1 , 241 , 5
1 , 269 , 4
1 , 411 , 4
2 , 262 , 4
1 , 268 , 6
3 , 252 , 3
1 , 245 , 6
1 , 305 , 2
1 , 358 , 2
1 , 259 , 7
2 , 293 , 8
1 , 265 , 7
2 , 306 , 3
0 , 269 , 9
1 , 315 , 13
1 , 250 , 4
1 , 235 , 3
2 , 282 , 9
1 , 326 , 6
1 , 292 , 4
2 , 215 , 5
2 , 219 , 5
1 , 226 , 2
1 , 203 , 5
1 , 205 , 3
1 , 313 , 11
1 , 435 , 4
1 , 226 , 2
1 , 396 , 6
1 , 385 , 3
1 , 285 , 7
1 , 269 , 3
1 , 231 , 3
1 , 285 , 3
1 , 262 , 4
1 , 765 , 4
0 , 402 , 5
0 , 283 , 3
7 , 545 , 6
3 , 697 , 9
6 , 710 , 12
1 , 612 , 5
2 , 320 , 5
1 , 457 , 4
1 , 314 , 4
2 , 365 , 4
1 , 333 , 4
2 , 740 , 5
8 , 365 , 3
1 , 381 , 8
12 , 454 , 5
2 , 267 , 7
1 , 427 , 6
2 , 319 , 3
1 , 275 , 11
4 , 391 , 5
1 , 301 , 6
1 , 303 , 3
1 , 774 , 6
1 , 320 , 5
1 , 356 , 4
2 , 285 , 5
2 , 268 , 5
2 , 270 , 4
2 , 275 , 2
2 , 258 , 4
2 , 256 , 3
1 , 269 , 3
2 , 288 , 3
3 , 284 , 3
1 , 271 , 4
2 , 277 , 4
2 , 225 , 3
1 , 239 , 4
0 , 372 , 8
1 , 284 , 3
1 , 234 , 6
1 , 221 , 5
1 , 227 , 3
1 , 232 , 3
1 , 212 , 3
2 , 214 , 4
1 , 215 , 3
1 , 239 , 3
4 , 244 , 5
1 , 228 , 5
1 , 219 , 3
2 , 220 , 3
2 , 207 , 3
2 , 220 , 6
2 , 221 , 3
1 , 227 , 5
1 , 219 , 3
1 , 233 , 5
1 , 235 , 4
1 , 241 , 3
1 , 228 , 6
1 , 224 , 2
0 , 233 , 3
0 , 206 , 4
1 , 242 , 3
1 , 224 , 3
1 , 235 , 2
3 , 229 , 3
1 , 223 , 5
1 , 211 , 3
2 , 211 , 3
1 , 232 , 5
2 , 225 , 6
2 , 242 , 8
1 , 220 , 3
2 , 233 , 5
2 , 217 , 8
1 , 436 , 4
1 , 241 , 3
1 , 252 , 3
1 , 293 , 6
1 , 279 , 4
1 , 240 , 3
1 , 236 , 3
1 , 246 , 3
2 , 228 , 3
1 , 224 , 3
1 , 270 , 2
1 , 240 , 4
2 , 247 , 3
1 , 243 , 7
1 , 212 , 3
1 , 260 , 5
1 , 251 , 3
1 , 300 , 6
1 , 222 , 6
1 , 330 , 2
1 , 229 , 4
3 , 308 , 5
0 , 281 , 5
1 , 273 , 3
1 , 211 , 5
1 , 327 , 7
12 , 475 , 4
0 , 471 , 7
1 , 579 , 4
0 , 587 , 6
11 , 1246 , 6
2 , 1188 , 5
4 , 992 , 6
1 , 879 , 5
3 , 496 , 11
0 , 616 , 3
1 , 429 , 33
1 , 469 , 13
1 , 360 , 22
4 , 655 , 5
0 , 650 , 3
0 , 625 , 32
2 , 538 , 5
1 , 348 , 3
1 , 354 , 3
0 , 11215 , 5
1 , 230 , 3
1 , 386 , 3
1 , 330 , 4
2 , 200 , 3
2 , 202 , 2
2 , 192 , 3
2 , 205 , 2
1 , 193 , 3
15 , 201 , 3
1 , 185 , 3
2 , 182 , 3
1 , 225 , 4
1 , 209 , 2
1 , 193 , 3
1 , 210 , 3
1 , 216 , 3
1 , 50354 , 7
1 , 257 , 2
2 , 223 , 3
1 , 256 , 4
1 , 278 , 2
13 , 235 , 3
2 , 227 , 3
1 , 228 , 3
1 , 221 , 3
1 , 227 , 3
2 , 231 , 4
1 , 236 , 4
1 , 229 , 3
1 , 236 , 3
1 , 245 , 3
1 , 231 , 5
3 , 243 , 4
1 , 229 , 2
0 , 234 , 6
1 , 785 , 2
1 , 277 , 3
0 , 217 , 4
1 , 247 , 3
1 , 222 , 4
1 , 219 , 2
1 , 210 , 3
1 , 264 , 6
1 , 212 , 3
1 , 225 , 3
1 , 228 , 2
1 , 219 , 4
1 , 247 , 4
1 , 228 , 5
1 , 229 , 2
1 , 245 , 2
1 , 229 , 3
1 , 252 , 6
2 , 244 , 3
2 , 226 , 5
1 , 291 , 3
1 , 294 , 5
2 , 227 , 2
1 , 19834 , 11
2 , 289 , 4
1 , 251 , 7
0 , 213 , 4
2 , 204 , 2
10 , 221 , 6
1 , 242 , 4
1 , 250 , 3
1 , 203 , 5
1 , 256 , 12
1 , 238 , 4
1 , 160 , 2
10 , 200 , 3
1 , 142 , 5
1 , 120 , 1
1 , 114 , 2
1 , 114 , 1
1 , 115 , 2
0 , 308 , 3
1 , 135 , 4
9 , 183 , 2
1 , 165 , 3
1 , 165 , 3
1 , 178 , 2
1 , 188 , 3
1 , 159 , 2
1 , 146 , 3
1 , 146 , 5
1 , 138 , 2
1 , 139 , 2
1 , 135 , 2
1 , 139 , 2
1 , 141 , 1
2 , 147 , 5
1 , 188 , 1
3 , 146 , 2
1 , 154 , 3
1 , 151 , 2
1 , 143 , 2
1 , 141 , 2
1 , 145 , 2
1 , 149 , 1
1 , 141 , 1
1 , 137 , 2
1 , 147 , 2
1 , 144 , 2
1 , 168 , 2
0 , 173 , 2
1 , 153 , 2
1 , 148 , 2
1 , 136 , 2
1 , 148 , 1
