Load, Inserted bitset computation, Update ASTree, Number of evidence vectors
4 , 9 , 9 , 339
2 , 13 , 11 , 335
10 , 16 , 12 , 283
5 , 13 , 26 , 322
3 , 34 , 20 , 342
2 , 31 , 32 , 337
3 , 23 , 110 , 265
3 , 14 , 11 , 322
2 , 13 , 13 , 375
2 , 27 , 17 , 408
2 , 36 , 269 , 468
1 , 9 , 14 , 379
1 , 12 , 8 , 221
1 , 18 , 18 , 231
1 , 19 , 26 , 193
1 , 38 , 44 , 290
1 , 25 , 359 , 263
1 , 26 , 18 , 366
2 , 22 , 13 , 219
1 , 34 , 31 , 390
1 , 22 , 12 , 268
0 , 35 , 10 , 187
1 , 26 , 21 , 211
1 , 168 , 15 , 222
1 , 24 , 18 , 313
0 , 31 , 25 , 294
1 , 26 , 27 , 350
2 , 34 , 28 , 272
2 , 36 , 896 , 441
2 , 28 , 27 , 302
1 , 34 , 29 , 248
1 , 42 , 46 , 299
1 , 39 , 44 , 392
1 , 60 , 232 , 356
1 , 34 , 42 , 402
1 , 59 , 46 , 387
1 , 51 , 71 , 330
2 , 51 , 1702 , 274
1 , 46 , 46 , 397
0 , 50 , 46 , 364
1 , 53 , 538 , 378
1 , 51 , 53 , 367
1 , 69 , 45 , 270
1 , 56 , 48 , 271
1 , 62 , 35 , 205
0 , 67 , 52 , 366
3 , 63 , 51 , 278
1 , 69 , 2502 , 261
1 , 67 , 54 , 247
1 , 78 , 72 , 355
1 , 66 , 61 , 393
1 , 71 , 52 , 300
1 , 83 , 740 , 336
1 , 78 , 68 , 437
2 , 116 , 55 , 331
1 , 96 , 47 , 285
0 , 91 , 70 , 366
1 , 87 , 3095 , 394
1 , 75 , 37 , 249
2 , 84 , 38 , 182
1 , 82 , 65 , 363
1 , 80 , 56 , 271
1 , 83 , 63 , 309
1 , 97 , 962 , 352
1 , 94 , 60 , 243
1 , 94 , 51 , 212
1 , 91 , 45 , 200
1 , 100 , 61 , 254
1 , 94 , 62 , 269
3 , 96 , 53 , 233
1 , 94 , 74 , 354
1 , 98 , 661 , 263
1 , 94 , 27 , 177
1 , 94 , 82 , 283
1 , 106 , 66 , 244
2 , 103 , 80 , 274
1 , 112 , 57 , 181
0 , 170 , 50 , 193
1 , 129 , 51 , 168
0 , 125 , 39 , 200
1 , 106 , 35 , 167
8 , 7847 , 52 , 203
1 , 105 , 41 , 221
1 , 112 , 63 , 223
1 , 108 , 65 , 217
1 , 113 , 66 , 229
0 , 112 , 1872 , 235
1 , 132 , 106 , 403
2 , 127 , 95 , 322
