Load, Inserted bitset computation, Update ASTree
7 , 80 , 6
5 , 81 , 4
6 , 83 , 3
2 , 101 , 4
5 , 138 , 10
3 , 181 , 5
3 , 218 , 46
2 , 142 , 2
20 , 208 , 4
1 , 211 , 4
2 , 295 , 3
2 , 186 , 4
2 , 209 , 6
2 , 264 , 9
2 , 337 , 9
2 , 504 , 6
2 , 257 , 9
1 , 908 , 6
1 , 237 , 5
2 , 300 , 6
2 , 307 , 4
2 , 323 , 7
1 , 374 , 8
2 , 472 , 12
1 , 552 , 7
2 , 1220 , 24
2 , 1689 , 67
10 , 766 , 16
4 , 835 , 7
1 , 1753 , 6
2 , 628 , 6
7 , 434 , 8
1 , 585 , 8
2 , 588 , 6
1 , 762 , 7
2 , 662 , 9
2 , 1163 , 163
1 , 1479 , 9
2 , 1077 , 7
1 , 590 , 7
1 , 2277 , 8
1 , 743 , 7
1 , 900 , 8
2 , 778 , 8
1 , 695 , 8
2 , 1068 , 9
1 , 959 , 12
2 , 876 , 10
2 , 661 , 9
1 , 741 , 10
2 , 756 , 9
2 , 882 , 9
2 , 837 , 8
2 , 848 , 10
2 , 1148 , 6
2 , 703 , 9
1 , 760 , 12
1 , 767 , 9
2 , 823 , 8
2 , 840 , 6
1 , 866 , 8
1 , 4692 , 7
1 , 789 , 9
1 , 834 , 10
0 , 868 , 10
1 , 1176 , 14
3 , 1031 , 11
1 , 954 , 9
1 , 1225 , 11
1 , 1566 , 107
0 , 2242 , 11
1 , 1360 , 12
1 , 1321 , 12
2 , 2422 , 9
1 , 2611 , 13
2 , 1467 , 17
2 , 1138 , 15
2 , 1310 , 14
7 , 1167 , 14
2 , 1268 , 13
1 , 1422 , 13
3 , 1821 , 13
1 , 2338 , 16
2 , 1206 , 12
1 , 1234 , 13
1 , 1324 , 11
1 , 1329 , 14
1 , 1480 , 11
1 , 1383 , 14
1 , 1394 , 14
2 , 32410 , 25
2 , 1988 , 14
2 , 14038 , 11
2 , 1309 , 16
2 , 1304 , 13
1 , 1359 , 11
2 , 1423 , 11
1 , 1429 , 17
2 , 5866 , 17
1 , 1282 , 13
1 , 1371 , 12
1 , 1432 , 17
0 , 1428 , 17
2 , 1511 , 12
1 , 1773 , 10
2 , 1445 , 13
0 , 1495 , 18
2 , 1522 , 14
2 , 1529 , 12
2 , 1563 , 13
2 , 2154 , 12
2 , 2036 , 14
2 , 1554 , 14
3 , 2786 , 12
2 , 1649 , 13
2 , 1615 , 18
1 , 1681 , 13
1 , 2356 , 12
2 , 1562 , 12
2 , 1635 , 17
1 , 1652 , 12
1 , 1744 , 14
1 , 1716 , 14
5 , 2362 , 21
2 , 1734 , 13
1 , 1817 , 29
58 , 2508 , 16
1 , 1856 , 18
1 , 1890 , 16
1 , 1913 , 11
3 , 3957 , 12
1 , 1773 , 18
1 , 1809 , 13
1 , 1888 , 14
1 , 1878 , 16
1 , 1971 , 15
1 , 1995 , 15
1 , 3891 , 15
1 , 1866 , 16
1 , 221610 , 134
4 , 2260 , 175
2 , 2187 , 45
1 , 2114 , 25
1 , 37808 , 128
5 , 3722 , 35
5 , 4843 , 57
2 , 5032 , 34
2 , 4499 , 57
4 , 36987 , 138
3 , 4669 , 77
1 , 3976 , 70
8 , 9581 , 184
2 , 5738 , 26605
7 , 8632 , 1125
8 , 17290 , 492
5 , 5657 , 105
3 , 5378 , 214
1 , 6374 , 301
1 , 31463 , 719
5 , 5158 , 156
6 , 5157 , 356
3 , 4121 , 196
3 , 5163 , 204
2 , 40189 , 1301
57 , 11217 , 621
5 , 8831 , 333
5 , 9538 , 200
6 , 9362 , 231
2 , 7193 , 341
4 , 51342 , 789
10 , 7048 , 279
2 , 12773 , 425
10 , 6595 , 177
2 , 5363 , 429
6 , 5159 , 103
2 , 388438 , 131
10 , 5069 , 56
2 , 4941 , 52
2 , 4922 , 63
4 , 4324 , 45
2 , 6153 , 95
4 , 7107 , 199
6 , 28938 , 291
6 , 4396 , 165
4 , 4177 , 111
2 , 4227 , 212
2 , 4396 , 105
6 , 4715 , 74
2 , 4400 , 140
2 , 36977 , 410
4 , 8578 , 112
1 , 6964 , 143
4 , 9011 , 115
3 , 7254 , 307
10 , 5834 , 52
3 , 6297 , 171
0 , 31761 , 752
3 , 5540 , 342
12 , 5349 , 234
19 , 4971 , 142
2 , 4806 , 46
2 , 8657 , 68
2 , 5479 , 177
5 , 5618 , 182
5 , 29665 , 807
8 , 4965 , 622
2 , 6185 , 109
4 , 7728 , 237
3 , 6106 , 153
3 , 581813 , 210638
14 , 10476 , 1008
4 , 8514 , 384
3 , 10037 , 241
6 , 42298 , 773
4 , 4525 , 167
2 , 3823 , 73
3 , 34516 , 374
13 , 4748 , 303
3 , 4435 , 93
2 , 4528 , 354
2 , 40173 , 419
3 , 4747 , 231
3 , 4841 , 399
2 , 40514 , 262
5 , 4250 , 119
1 , 4414 , 124
2 , 4622 , 309
3 , 38650 , 304
5 , 4972 , 119
3 , 4849 , 440
3 , 4961 , 213
2 , 36269 , 362
3 , 6408 , 148
2 , 4219 , 171
4 , 4401 , 292
2 , 38303 , 225
5 , 4688 , 138
1 , 5498 , 432
5 , 4935 , 174
2 , 469025 , 257
5 , 8534 , 112
3 , 6416 , 172
24 , 8499 , 146
4 , 8635 , 285
5 , 55705 , 246
2 , 5633 , 238
11 , 5331 , 89
10 , 4169 , 0
4 , 4566 , 0
2 , 2911 , 0
