Load, Inserted bitset computation, Update ASTree
5 , 4 , 1
1 , 5 , 1
1 , 3 , 2
2 , 4 , 0
1 , 4 , 0
1 , 4 , 1
21 , 6 , 1
1 , 5 , 2
1 , 8 , 1
1 , 10 , 1
6 , 8 , 0
2 , 12 , 1
1 , 23 , 1
1 , 12 , 1
1 , 40 , 0
1 , 17 , 1
2 , 8 , 1
1 , 10 , 1
0 , 24 , 3
1 , 20 , 0
2 , 8 , 1
1 , 15 , 1
1 , 13 , 1
1 , 19 , 1
1 , 10 , 12
1 , 9 , 1
2 , 18 , 1
1 , 10 , 8
0 , 21 , 1
1 , 13 , 1
1 , 12 , 1
0 , 11 , 0
0 , 13 , 1
1 , 11 , 0
0 , 67 , 0
1 , 24 , 6
2 , 12 , 1
1 , 16 , 1
2 , 13 , 2
1 , 14 , 1
0 , 20 , 2
1 , 18 , 2
0 , 38 , 1
1 , 18 , 1
0 , 21 , 2
0 , 46 , 2
1 , 25 , 2
1 , 21 , 2
1 , 23 , 10
1 , 22 , 2
1 , 33 , 2
3 , 29 , 2
2 , 46 , 4
0 , 23 , 2
0 , 81 , 2
1 , 50 , 2
1 , 31 , 2
2 , 28 , 1
1 , 43 , 3
1 , 27 , 2
1 , 47 , 2
1 , 26 , 2
4 , 52 , 2
2 , 33 , 1
5 , 25 , 1
0 , 36 , 1
1 , 36 , 4
1 , 46 , 2
0 , 45 , 2
0 , 44 , 3
1 , 39 , 1
1 , 42 , 6
0 , 41 , 2
0 , 260 , 2
0 , 15 , 2
1 , 29 , 1
1 , 21 , 2
0 , 22 , 1
0 , 29 , 1
0 , 15 , 1
1 , 25 , 0
0 , 25 , 2
0 , 37 , 2
1 , 35 , 15
1 , 26 , 1
1 , 95 , 4
7 , 37 , 2
1 , 22 , 1
0 , 21 , 1
1 , 43 , 2
0 , 22 , 3
1 , 19 , 1
0 , 24 , 1
0 , 21 , 1
0 , 23 , 1
1 , 23 , 1
1 , 21 , 1
1 , 21 , 1
2 , 42 , 0
1 , 27 , 2
1 , 37 , 1
1 , 40 , 1
0 , 43 , 3
0 , 23 , 1
1 , 100 , 2
0 , 15 , 1
1 , 15 , 1
0 , 15 , 1
0 , 17 , 1
1 , 16 , 3
1 , 21 , 2
0 , 19 , 1
0 , 18 , 1
1 , 29 , 1
0 , 23 , 1
1 , 20 , 1
1 , 27 , 1
1 , 26 , 1
0 , 21 , 1
0 , 24 , 1
0 , 23 , 2
0 , 23 , 1
0 , 35 , 1
1 , 21 , 0
0 , 20 , 2
1 , 38 , 2
1 , 118 , 2
0 , 26 , 2
1 , 45 , 2
1 , 45 , 2
2 , 66 , 2
2 , 52 , 3
0 , 28 , 2
1 , 26 , 2
1 , 38 , 4
1 , 28 , 3
0 , 40 , 2
0 , 39 , 1
0 , 51 , 1
0 , 33 , 2
0 , 27 , 4
0 , 33 , 2
0 , 36 , 1
1 , 31 , 2
1 , 43 , 11
3 , 34 , 2
1 , 44 , 2
0 , 31 , 2
0 , 33 , 2
0 , 32 , 3
1 , 41 , 1
1 , 35 , 3
0 , 47 , 2
1 , 54 , 4
10 , 39 , 2
0 , 283 , 2
1 , 25 , 4
1 , 28 , 2
1 , 20 , 4
0 , 23 , 2
1 , 19 , 1
0 , 28 , 1
0 , 80 , 2
0 , 31 , 2
0 , 21 , 1
1 , 30 , 1
0 , 23 , 2
1 , 44 , 2
0 , 47 , 2
1 , 25 , 7
2 , 42 , 3
0 , 46 , 5
3 , 32 , 1
1 , 24 , 3
1 , 24 , 1
0 , 98 , 3
0 , 34 , 1
0 , 41 , 2
1 , 54 , 2
1 , 37 , 1
0 , 45 , 2
0 , 34 , 2
1 , 35 , 1
0 , 38 , 1
1 , 582 , 1
1 , 32 , 1
1 , 39 , 2
0 , 31 , 2
0 , 44 , 3
0 , 32 , 2
1 , 28 , 2
0 , 32 , 1
4 , 36 , 2
0 , 33 , 1
1 , 55 , 2
0 , 37 , 2
0 , 32 , 2
0 , 95 , 5
0 , 36 , 2
0 , 38 , 3
0 , 43 , 2
0 , 96 , 2
1 , 36 , 2
0 , 52 , 2
1 , 38 , 1
0 , 39 , 3
0 , 68 , 1
1 , 41 , 1
1 , 52 , 3
0 , 55 , 2
0 , 38 , 1
1 , 42 , 2
0 , 39 , 1
0 , 41 , 1
1 , 65 , 1
1 , 37 , 1
1 , 45 , 1
0 , 36 , 2
1 , 40 , 1
1 , 35 , 4
1 , 43 , 2
1 , 37 , 2
1 , 35 , 2
0 , 34 , 2
1 , 43 , 2
0 , 31 , 1
1 , 38 , 1
1 , 42 , 2
0 , 54 , 1
1 , 56 , 1
2 , 44 , 2
0 , 44 , 2
1 , 41 , 3
0 , 47 , 4
0 , 43 , 1
0 , 45 , 2
1 , 43 , 3
2 , 54 , 2
1 , 50 , 3
1 , 48 , 1
0 , 54 , 5
0 , 48 , 2
1 , 105 , 7
1 , 44 , 3
1 , 58 , 10
1 , 53 , 2
1 , 51 , 6
0 , 59 , 2
0 , 47 , 1
0 , 81 , 2
2 , 50 , 2
0 , 54 , 2
3 , 51 , 3
0 , 68 , 3
1 , 49 , 2
1 , 59 , 2
0 , 55 , 2
1 , 71 , 1
1 , 47 , 2
0 , 57 , 15
1 , 53 , 5
0 , 90 , 2
0 , 286 , 2
1 , 266 , 27
0 , 76 , 5
0 , 91 , 2
0 , 160 , 4
1 , 131 , 5
17 , 86 , 12
0 , 218 , 5
0 , 46 , 1
1 , 30 , 2
0 , 50 , 1
1 , 52 , 5
3 , 57 , 3
2 , 57 , 2
1 , 112 , 2
0 , 63 , 2
1 , 57 , 2
0 , 58 , 3
1 , 48 , 3
1 , 47 , 3
0 , 47 , 1
0 , 35 , 4
1 , 36 , 2
0 , 65 , 3
0 , 3255 , 1
1 , 25 , 1
0 , 44 , 2
0 , 34 , 3
2 , 65 , 2
1 , 72 , 2
1 , 68 , 2
1 , 63 , 2
1 , 172 , 1
0 , 54 , 13
1 , 93 , 2
1 , 424 , 1
4 , 149 , 7
22 , 63 , 2
3 , 90 , 2
1 , 102 , 1
2 , 77 , 2
0 , 64 , 3
0 , 79 , 2
2 , 146 , 4
0 , 56 , 1
0 , 41 , 2
1 , 44 , 1
0 , 42 , 1
0 , 48 , 1
1 , 45 , 3
0 , 42 , 1
1 , 43 , 1
0 , 46 , 2
1 , 46 , 2
1 , 48 , 1
0 , 43 , 1
0 , 44 , 2
1 , 41 , 2
0 , 48 , 3
2 , 43 , 2
1 , 48 , 1
1 , 54 , 2
1 , 44 , 1
1 , 57 , 2
1 , 49 , 2
3 , 45 , 3
0 , 53 , 2
1 , 50 , 4
2 , 106 , 2
1 , 44 , 2
0 , 51 , 2
0 , 81 , 1
1 , 57 , 3
1 , 51 , 2
1 , 53 , 2
1 , 49 , 2
4 , 53 , 2
0 , 53 , 2
2 , 104 , 2
1 , 64 , 2
1 , 51 , 3
1 , 51 , 1
2 , 54 , 2
1 , 57 , 1
2 , 58 , 2
1 , 57 , 1
2 , 59 , 3
1 , 67 , 1
3 , 68 , 2
1 , 61 , 3
0 , 73 , 2
1 , 56 , 2
0 , 69 , 1
1 , 88 , 2
6 , 492 , 3
1 , 316 , 3
0 , 416 , 14
8 , 283 , 16
0 , 116 , 2
6 , 141 , 4
3 , 157 , 14
0 , 166 , 5
1 , 138 , 4
0 , 94 , 4
2 , 223 , 3
1 , 129 , 5
0 , 211 , 3
1 , 120 , 8
1 , 163 , 4
2 , 210 , 6
1 , 187 , 5
1 , 250 , 5
0 , 107 , 4
1 , 78 , 3
1 , 151 , 3
1 , 95 , 3
0 , 104 , 6
1 , 325 , 3
1 , 39 , 1
0 , 43 , 1
1 , 44 , 3
1 , 53 , 1
1 , 64 , 2
0 , 47 , 3
0 , 57 , 1
0 , 73 , 2
0 , 52 , 2
1 , 47 , 3
1 , 64 , 2
0 , 84 , 3
1 , 45 , 1
3 , 62 , 1
0 , 62 , 3
0 , 58 , 2
0 , 56 , 2
1 , 62 , 2
1 , 69 , 2
1 , 49 , 1
1 , 62 , 2
1 , 60 , 2
1 , 51 , 2
1 , 116 , 1
1 , 47 , 3
3 , 50 , 2
2 , 74 , 3
2 , 48 , 2
1 , 55 , 3
0 , 52 , 2
2 , 51 , 2
2 , 55 , 2
0 , 64 , 1
1 , 54 , 2
0 , 53 , 2
1 , 775 , 2
1 , 41 , 2
0 , 46 , 2
1 , 56 , 8
1 , 43 , 1
2 , 51 , 1
1 , 51 , 2
1 , 50 , 1
2 , 50 , 3
1 , 59 , 3
0 , 67 , 2
1 , 51 , 5
1 , 46 , 3
1 , 61 , 2
1 , 64 , 1
0 , 49 , 2
3 , 53 , 2
0 , 50 , 2
10 , 69 , 2
0 , 49 , 2
5 , 53 , 2
1 , 61 , 1
1 , 52 , 3
1 , 57 , 2
1 , 59 , 3
1 , 57 , 2
1 , 57 , 4
1 , 60 , 2
1 , 62 , 3
1 , 74 , 3
2 , 74 , 2
1 , 66 , 2
0 , 63 , 2
1 , 67 , 3
1 , 58 , 1
1 , 81 , 1
0 , 56 , 2
1 , 68 , 1
1 , 125 , 3
1 , 73 , 3
1 , 107 , 2
1 , 74 , 4
1 , 102 , 3
0 , 69 , 4
0 , 1564 , 2
0 , 67 , 3
1 , 59 , 2
1 , 53 , 1
1 , 73 , 3
0 , 74 , 2
1 , 63 , 4
1 , 61 , 1
1 , 66 , 3
0 , 63 , 2
0 , 65 , 3
1 , 60 , 3
1 , 68 , 4
1 , 63 , 2
1 , 57 , 2
1 , 59 , 4
2 , 61 , 3
1 , 67 , 3
2 , 61 , 2
0 , 61 , 3
2 , 60 , 2
0 , 65 , 3
1 , 60 , 3
1 , 68 , 3
1 , 65 , 7
1 , 62 , 3
0 , 68 , 4
1 , 63 , 2
1 , 74 , 5
2 , 70 , 2
1 , 143 , 1
0 , 64 , 3
1 , 86 , 2
0 , 92 , 3
0 , 74 , 3
0 , 67 , 2
1 , 70 , 4
1 , 74 , 3
1 , 88 , 2
1 , 76 , 3
1 , 77 , 2
0 , 79 , 3
0 , 81 , 2
1 , 72 , 2
1 , 74 , 2
1 , 129 , 22
4 , 130 , 4
19 , 147 , 4
1 , 89 , 2
1 , 83 , 2
1 , 83 , 2
2 , 132 , 2
1 , 76 , 2
1 , 83 , 3
3 , 82 , 3
1 , 73 , 2
0 , 86 , 3
1 , 76 , 3
1 , 84 , 2
1 , 84 , 2
0 , 88 , 3
1 , 79 , 5
0 , 78 , 2
1 , 76 , 3
0 , 83 , 2
1 , 79 , 2
0 , 90 , 4
1 , 81 , 2
1 , 82 , 3
0 , 77 , 2
1 , 84 , 3
0 , 80 , 2
0 , 82 , 3
0 , 83 , 3
1 , 107 , 2
1 , 81 , 3
1 , 90 , 3
1 , 102 , 1
0 , 87 , 2
1 , 94 , 2
1 , 93 , 3
1 , 94 , 3
1 , 512 , 2
1 , 62 , 5
0 , 64 , 2
0 , 72 , 2
1 , 68 , 3
0 , 63 , 3
1 , 72 , 3
0 , 71 , 2
1 , 69 , 2
2 , 85 , 2
1 , 68 , 4
1 , 129 , 1
1 , 66 , 2
1 , 68 , 2
0 , 93 , 3
1 , 80 , 2
1 , 78 , 2
2 , 76 , 2
1 , 71 , 3
1 , 74 , 1
1 , 72 , 2
1 , 78 , 3
0 , 76 , 3
1 , 71 , 4
19 , 70 , 2
1 , 74 , 3
0 , 84 , 2
1 , 72 , 2
1 , 76 , 3
1 , 71 , 3
3 , 76 , 3
2 , 97 , 2
1 , 76 , 3
0 , 105 , 4
0 , 106 , 2
0 , 93 , 4
0 , 79 , 4
1 , 82 , 4
1 , 87 , 2
1 , 85 , 4
1 , 77 , 9
1 , 79 , 3
0 , 99 , 2
0 , 81 , 2
1 , 84 , 2
0 , 82 , 2
2 , 76 , 2
1 , 84 , 3
1 , 80 , 3
2 , 100 , 3
1 , 83 , 3
1 , 91 , 2
1 , 89 , 3
0 , 92 , 49
0 , 82 , 2
1 , 97 , 3
1 , 99 , 3
1 , 88 , 3
1 , 90 , 3
1 , 99 , 2
1 , 94 , 3
1 , 90 , 2
1 , 86 , 3
1 , 89 , 2
1 , 90 , 2
0 , 100 , 1
1 , 90 , 2
0 , 92 , 4
0 , 98 , 3
1 , 126 , 17
1 , 102 , 3
0 , 92 , 3
1 , 101 , 2
0 , 95 , 2
1 , 100 , 3
1 , 222 , 4
4 , 119 , 2
1 , 98 , 3
1 , 98 , 2
1 , 100 , 3
1 , 101 , 3
1 , 97 , 3
0 , 4541 , 1
1 , 74 , 2
1 , 77 , 2
1 , 77 , 3
1 , 80 , 3
0 , 80 , 2
1 , 85 , 3
0 , 80 , 2
1 , 76 , 2
1 , 93 , 3
0 , 95 , 3
0 , 94 , 3
1 , 104 , 2
1 , 87 , 3
1 , 93 , 2
1 , 84 , 2
1 , 88 , 2
1 , 85 , 2
1 , 89 , 2
1 , 85 , 3
1 , 90 , 3
1 , 138 , 4
1 , 90 , 5
1 , 120 , 10
1 , 90 , 3
1 , 87 , 3
1 , 286 , 5
0 , 767 , 2
0 , 93 , 2
0 , 107 , 4
0 , 97 , 6
1 , 129 , 3
5 , 94 , 3
1 , 106 , 4
0 , 93 , 2
1 , 96 , 3
1 , 93 , 3
1 , 93 , 2
1 , 105 , 4
1 , 102 , 2
0 , 154 , 3
0 , 106 , 3
1 , 96 , 3
1 , 98 , 2
1 , 103 , 8
1 , 463 , 2
1 , 78 , 6
1 , 84 , 3
0 , 88 , 4
1 , 84 , 2
1 , 90 , 3
1 , 97 , 4
0 , 93 , 2
2 , 95 , 2
2 , 94 , 2
1 , 136 , 5
1 , 153 , 2
2 , 134 , 3
2 , 90 , 2
1 , 96 , 4
0 , 141 , 2
1 , 88 , 1
2 , 93 , 3
1 , 96 , 2
1 , 100 , 2
1 , 101 , 5
0 , 99 , 3
1 , 96 , 2
1 , 95 , 4
2 , 139 , 3
0 , 98 , 3
0 , 97 , 2
0 , 96 , 3
1 , 100 , 7
4 , 136 , 5
1 , 101 , 2
0 , 101 , 3
0 , 102 , 3
1 , 106 , 4
1 , 101 , 3
1 , 114 , 2
1 , 94 , 3
1 , 99 , 2
0 , 95 , 2
1 , 101 , 3
1 , 100 , 2
1 , 98 , 4
1 , 99 , 4
1 , 110 , 3
2 , 100 , 3
1 , 104 , 3
1 , 98 , 2
0 , 111 , 3
0 , 115 , 3
0 , 118 , 3
1 , 107 , 3
1 , 108 , 2
1 , 122 , 3
1 , 106 , 4
1 , 114 , 5
1 , 108 , 3
2 , 105 , 3
2 , 106 , 2
1 , 106 , 2
2 , 107 , 3
2 , 117 , 4
2 , 113 , 4
1 , 128 , 4
1 , 138 , 4
1 , 178 , 5
1 , 129 , 6
0 , 126 , 2
1 , 115 , 4
1 , 118 , 4
4 , 136 , 4
0 , 117 , 3
0 , 109 , 5
1 , 112 , 3
1 , 2835 , 3
1 , 105 , 3
2 , 92 , 4
1 , 102 , 3
0 , 97 , 3
2 , 98 , 4
1 , 98 , 3
1 , 97 , 4
2 , 112 , 4
0 , 96 , 5
1 , 102 , 3
1 , 101 , 4
0 , 112 , 4
1 , 100 , 7
1 , 116 , 3
1 , 108 , 3
1 , 117 , 4
1 , 99 , 3
1 , 111 , 4
1 , 152 , 5
1 , 99 , 4
1 , 109 , 4
1 , 97 , 3
1 , 99 , 3
2 , 99 , 3
1 , 111 , 6
2 , 105 , 4
1 , 118 , 4
0 , 112 , 4
1 , 104 , 4
1 , 110 , 2
1 , 110 , 5
0 , 110 , 2
0 , 106 , 2
1 , 106 , 5
0 , 114 , 6
0 , 103 , 4
1 , 124 , 3
5 , 116 , 3
1 , 126 , 4
1 , 111 , 5
1 , 114 , 3
1 , 111 , 4
1 , 111 , 5
1 , 113 , 4
1 , 107 , 2
0 , 108 , 3
1 , 106 , 4
1 , 116 , 5
1 , 112 , 4
1 , 118 , 3
1 , 153 , 4
1 , 132 , 4
1 , 124 , 3
0 , 139 , 3
0 , 110 , 2
2 , 116 , 3
1 , 128 , 3
1 , 111 , 5
0 , 129 , 4
1 , 114 , 3
0 , 122 , 3
0 , 118 , 4
1 , 118 , 5
1 , 115 , 3
2 , 233 , 7
1 , 193 , 4
1 , 423 , 3
0 , 158 , 3
7 , 147 , 5
1 , 136 , 5
1 , 145 , 2
0 , 157 , 4
0 , 168 , 3
1 , 122 , 3
1 , 189 , 4
0 , 167 , 2
1 , 143 , 4
24 , 232 , 5
0 , 169 , 3
1 , 127 , 4
1 , 121 , 5
1 , 128 , 4
1 , 130 , 4
0 , 118 , 2
1 , 132 , 2
1 , 133 , 4
1 , 131 , 2
0 , 128 , 3
1 , 131 , 2
1 , 132 , 4
1 , 124 , 3
1 , 225 , 2
0 , 161 , 3
1 , 220 , 7
1 , 167 , 4
0 , 138 , 3
2 , 155 , 5
1 , 190 , 7
2 , 143 , 4
1 , 197 , 3
1 , 638 , 2
1 , 96 , 3
1 , 102 , 3
1 , 103 , 5
1 , 105 , 3
1 , 101 , 3
1 , 103 , 2
1 , 108 , 3
1 , 112 , 2
1 , 129 , 5
1 , 122 , 5
1 , 105 , 3
2 , 117 , 5
0 , 115 , 5
0 , 115 , 4
2 , 107 , 7
1 , 142 , 4
1 , 104 , 4
1 , 128 , 3
1 , 113 , 4
1 , 110 , 5
1 , 121 , 2
1 , 112 , 5
1 , 123 , 5
19 , 111 , 3
1 , 111 , 6
1 , 116 , 4
1 , 120 , 3
1 , 128 , 3
0 , 115 , 3
2 , 117 , 5
1 , 117 , 6
2 , 151 , 3
1 , 113 , 6
1 , 122 , 6
1 , 108 , 6
1 , 118 , 4
0 , 117 , 4
1 , 114 , 5
1 , 121 , 4
1 , 113 , 4
1 , 123 , 4
1 , 125 , 3
1 , 127 , 4
1 , 118 , 4
1 , 133 , 3
1 , 119 , 3
1 , 126 , 4
1 , 156 , 5
1 , 184 , 3
1 , 131 , 3
1 , 138 , 4
20 , 138 , 24
0 , 311 , 10
1 , 807 , 6
0 , 336 , 4
1 , 278 , 2
0 , 163 , 4
1 , 138 , 4
1 , 130 , 3
3 , 208 , 8
1 , 378 , 6
0 , 320 , 13
0 , 306 , 10
0 , 137 , 4
1 , 141 , 3
1 , 142 , 3
1 , 144 , 4
1 , 139 , 4
0 , 133 , 4
1 , 142 , 5
1 , 152 , 4
1 , 143 , 3
1 , 137 , 4
1 , 137 , 5
2 , 192 , 2
1 , 145 , 3
1 , 145 , 5
1 , 137 , 3
2 , 145 , 2
1 , 140 , 4
2 , 142 , 3
1 , 137 , 3
1 , 136 , 4
1 , 142 , 4
1 , 139 , 3
1 , 150 , 3
1 , 136 , 4
0 , 576 , 5
1 , 191 , 3
1 , 163 , 6
1 , 178 , 4
1 , 138 , 6
1 , 143 , 4
1 , 8941 , 3
1 , 120 , 9
1 , 112 , 4
2 , 124 , 6
0 , 116 , 3
1 , 124 , 7
3 , 112 , 5
3 , 113 , 6
0 , 122 , 7
0 , 113 , 3
0 , 118 , 4
1 , 116 , 4
1 , 112 , 3
0 , 116 , 3
1 , 122 , 6
0 , 117 , 4
2 , 8582 , 3
1 , 178 , 5
1 , 152 , 4
1 , 139 , 3
3 , 133 , 4
1 , 123 , 3
0 , 142 , 3
1 , 137 , 2
0 , 123 , 3
1 , 127 , 5
1 , 172 , 3
0 , 141 , 4
0 , 160 , 5
2 , 155 , 5
0 , 160 , 3
0 , 206 , 6
1 , 244 , 6
1 , 177 , 6
1 , 182 , 17
1 , 168 , 5
1 , 159 , 4
0 , 182 , 4
0 , 146 , 4
1 , 139 , 3
0 , 138 , 3
1 , 137 , 12
2 , 163 , 25
0 , 137 , 3
1 , 142 , 3
1 , 135 , 9
1 , 153 , 5
1 , 146 , 6
1 , 144 , 3
1 , 149 , 4
1 , 185 , 4
0 , 153 , 4
0 , 140 , 4
10 , 549 , 36
1 , 257 , 28
1 , 224 , 9
2 , 282 , 9
0 , 208 , 10
1 , 199 , 13
1 , 288 , 29
1 , 279 , 10
1 , 253 , 13
2 , 242 , 23
2 , 328 , 13
1 , 308 , 10
0 , 225 , 24
1 , 305 , 12
4 , 236 , 20
1 , 225 , 15
1 , 457 , 8
1 , 228 , 7
1 , 347 , 12
1 , 272 , 11
0 , 312 , 18
3 , 269 , 12
1 , 271 , 10
1 , 244 , 17
2 , 322 , 16
1 , 257 , 9
1 , 311 , 11
2 , 362 , 9
1 , 378 , 15
2 , 261 , 10
1 , 242 , 8
1 , 287 , 15
2 , 353 , 10
1 , 319 , 9
1 , 266 , 12
1 , 266 , 8
1 , 287 , 25
2 , 469 , 11
1 , 351 , 15
3 , 404 , 10
2 , 375 , 12
1 , 251 , 13
0 , 306 , 14
1 , 355 , 6
1 , 221 , 15
1 , 207 , 5
1 , 232 , 9
1 , 233 , 7
2 , 205 , 7
1 , 195 , 8
1 , 226 , 11
1 , 294 , 15
1 , 370 , 16
2 , 297 , 10
0 , 252 , 8
2 , 324 , 11
1 , 312 , 12
1 , 259 , 10
1 , 329 , 4
1 , 337 , 11
1 , 362 , 14
3 , 278 , 21
1 , 311 , 7
1 , 277 , 5
1 , 268 , 5
0 , 279 , 10
1 , 316 , 10
1 , 247 , 9
1 , 292 , 12
1 , 279 , 9
0 , 247 , 11
1 , 281 , 12
1 , 269 , 11
1 , 278 , 11
2 , 239 , 10
1 , 271 , 13
1 , 266 , 11
1 , 426 , 31
2 , 627 , 7
0 , 280 , 10
1 , 338 , 12
1 , 258 , 9
1 , 278 , 11
0 , 302 , 9
1 , 8934 , 42
3 , 290 , 26
1 , 203 , 8
1 , 248 , 23
1 , 296 , 15
1 , 213 , 19
0 , 196 , 9
0 , 187 , 6
1 , 174 , 5
4 , 186 , 8
0 , 196 , 9
1 , 188 , 19
1 , 184 , 12
1 , 195 , 10
1 , 221 , 15
2 , 197 , 8
1 , 192 , 6
1 , 204 , 5
0 , 192 , 7
0 , 183 , 3
1 , 196 , 7
0 , 205 , 8
1 , 279 , 8
1 , 492 , 20
1 , 423 , 4
1 , 189 , 21
1 , 307 , 8
6 , 251 , 9
1 , 252 , 9
1 , 345 , 8
0 , 252 , 8
1 , 247 , 4
4 , 253 , 8
1 , 210 , 7
1 , 147 , 7
0 , 268 , 11
2 , 303 , 7
3 , 210 , 12
0 , 174 , 9
6 , 173 , 5
0 , 189 , 3
0 , 151 , 14
1 , 267 , 3
0 , 199 , 7
0 , 357 , 4
0 , 151 , 3
1 , 129 , 4
1 , 150 , 6
1 , 177 , 6
2 , 172 , 4
1 , 178 , 6
0 , 179 , 5
1 , 177 , 4
1 , 173 , 4
1 , 184 , 4
0 , 253 , 3
1 , 180 , 4
1 , 234 , 3
1 , 183 , 5
0 , 179 , 5
1 , 194 , 6
1 , 228 , 5
0 , 189 , 7
1 , 194 , 3
0 , 207 , 7
0 , 229 , 6
0 , 282 , 6
2 , 231 , 3
1 , 209 , 20
1 , 207 , 5
0 , 206 , 5
1 , 188 , 5
1 , 748 , 6
1 , 365 , 4
0 , 197 , 3
0 , 188 , 4
0 , 181 , 4
1 , 202 , 4
1 , 225 , 8
0 , 643 , 30
1 , 367 , 5
1 , 350 , 3
1 , 271 , 4
1 , 249 , 4
3 , 523 , 8
1 , 295 , 5
2 , 206 , 4
1 , 295 , 5
1 , 220 , 7
1 , 219 , 2
1 , 199 , 6
0 , 202 , 6
0 , 233 , 6
2 , 200 , 7
1 , 210 , 8
1 , 257 , 4
1 , 280 , 6
0 , 299 , 4
1 , 294 , 6
1 , 224 , 4
1 , 364 , 4
0 , 280 , 7
1 , 324 , 6
1 , 249 , 7
1 , 252 , 7
2 , 262 , 8
1 , 257 , 5
1 , 221 , 6
1 , 268 , 6
1 , 241 , 6
1 , 222 , 8
1 , 287 , 6
0 , 331 , 20
0 , 357 , 9
1 , 388 , 8
1 , 286 , 5
1 , 275 , 13
1 , 313 , 7
0 , 308 , 13
1 , 325 , 6
0 , 327 , 5
0 , 279 , 7
0 , 258 , 8
1 , 336 , 9
1 , 282 , 9
0 , 288 , 9
0 , 305 , 9
1 , 409 , 8
3 , 320 , 6
1 , 285 , 9
1 , 289 , 11
0 , 5451 , 5
1 , 241 , 4
1 , 258 , 10
1 , 237 , 5
0 , 214 , 8
0 , 193 , 5
1 , 184 , 7
8 , 217 , 35
1 , 182 , 6
1 , 174 , 9
1 , 174 , 9
1 , 162 , 16
1 , 164 , 4
1 , 167 , 4
0 , 165 , 9
1 , 165 , 5
1 , 263 , 2
1 , 244 , 8
1 , 186 , 5
1 , 207 , 5
1 , 154 , 10
1 , 157 , 3
0 , 156 , 10
1 , 302 , 4
0 , 174 , 4
1 , 335 , 5
1 , 203 , 4
1 , 231 , 4
2 , 198 , 10
1 , 318 , 9
1 , 253 , 7
1 , 169 , 5
2 , 255 , 5
1 , 183 , 6
0 , 247 , 23
0 , 279 , 10
1 , 205 , 8
0 , 269 , 3
1 , 216 , 10
1 , 521 , 25
4 , 2737 , 77
7 , 570 , 1
1 , 271 , 0
1 , 262 , 1
0 , 322 , 0
1 , 388 , 1
1 , 341 , 1
8 , 285 , 0
1 , 251 , 4
1 , 225 , 18
1 , 283 , 7
1 , 232 , 7
0 , 222 , 6
1 , 269 , 7
0 , 228 , 6
1 , 344 , 13
1 , 298 , 9
1 , 283 , 22
2 , 325 , 8
0 , 195 , 7
0 , 225 , 44
0 , 382 , 5
0 , 247 , 6
1 , 242 , 29
0 , 225 , 13
0 , 232 , 11
0 , 278 , 7
1 , 221 , 10
0 , 213 , 10
1 , 214 , 2
0 , 202 , 5
0 , 208 , 19
0 , 218 , 15
1 , 218 , 3
1 , 205 , 8
1 , 253 , 16
1 , 211 , 6
0 , 212 , 5
1 , 212 , 5
0 , 201 , 5
1 , 195 , 7
0 , 197 , 5
0 , 208 , 19
0 , 204 , 4
1 , 248 , 7
0 , 223 , 3
0 , 218 , 6
1 , 242 , 10
1 , 256 , 6
1 , 222 , 13
1 , 215 , 5
0 , 279 , 8
1 , 297 , 7
1 , 239 , 5
0 , 216 , 6
0 , 210 , 3
1 , 208 , 4
0 , 298 , 16
1 , 306 , 3
0 , 329 , 5
0 , 335 , 6
1 , 251 , 5
1 , 270 , 8
1 , 274 , 3
1 , 277 , 14
1 , 262 , 8
0 , 268 , 34
1 , 368 , 5
1 , 196 , 6
1 , 224 , 3
1 , 223 , 4
1 , 229 , 8
1 , 235 , 11
1 , 209 , 6
1 , 208 , 7
0 , 11509 , 10
1 , 462 , 8
1 , 1736 , 19
4 , 962 , 35
1 , 874 , 15
2 , 261 , 16
1 , 316 , 10
1 , 504 , 11
1 , 285 , 13
0 , 300 , 9
2 , 330 , 13
0 , 390 , 7
1 , 344 , 13
1 , 292 , 7
1 , 269 , 10
1 , 274 , 7
0 , 279 , 7
1 , 345 , 9
1 , 296 , 9
1 , 245 , 8
1 , 218 , 8
1 , 242 , 10
0 , 189 , 6
0 , 654 , 7
1 , 386 , 17
1 , 330 , 11
1 , 312 , 9
1 , 318 , 11
2 , 353 , 13
1 , 324 , 8
1 , 464 , 17
1 , 395 , 11
3 , 391 , 13
3 , 261 , 5
0 , 300 , 11
0 , 484 , 11
1 , 335 , 15
6 , 380 , 11
1 , 241 , 8
1 , 290 , 5
8 , 334 , 10
1 , 304 , 10
1 , 289 , 12
2 , 296 , 13
1 , 282 , 12
1 , 321 , 7
1 , 309 , 9
1 , 348 , 7
1 , 330 , 15
1 , 294 , 6
6 , 269 , 20
2 , 268 , 15
1 , 274 , 10
3 , 323 , 10
1 , 476 , 10
0 , 365 , 8
0 , 349 , 14
2 , 291 , 10
2 , 353 , 18
1 , 423 , 13
1 , 376 , 7
1 , 496 , 10
1 , 464 , 30
14 , 419 , 8
1 , 349 , 10
1 , 394 , 13
1 , 424 , 13
1 , 1575 , 26
0 , 449 , 18
4 , 1565 , 65
1 , 1017 , 7
7 , 409 , 10
1 , 419 , 15
1 , 341 , 13
1 , 359 , 12
1 , 571 , 27
0 , 351 , 10
1 , 386 , 7
1 , 284 , 10
1 , 316 , 28
7 , 519 , 13
2 , 315 , 8
1 , 651 , 18
1 , 614 , 9
1 , 382 , 29
1 , 170800 , 208
8 , 428 , 18
8 , 568 , 44
1 , 469 , 33
1 , 390 , 15
0 , 447 , 36
0 , 440 , 22
1 , 504 , 23
2 , 412 , 16
5 , 429 , 12
1 , 380 , 22
0 , 292 , 41
1 , 292 , 11
0 , 281 , 7
1 , 282 , 16
1 , 243 , 10
2 , 291 , 5
1 , 346 , 35
0 , 377 , 14
0 , 349 , 9
2 , 482 , 10
0 , 455 , 25
41 , 384 , 58
2 , 442 , 42
0 , 462 , 15
1 , 409 , 9
1 , 318 , 14
0 , 309 , 10
1 , 293 , 11
1 , 362 , 7
1 , 317 , 15
0 , 290 , 8
1 , 340 , 17
1 , 311 , 13
1 , 319 , 12
1 , 294 , 18
1 , 273 , 11
1 , 355 , 9
1 , 311 , 25
1 , 411 , 10
1 , 365 , 14
1 , 489 , 17
3 , 487 , 10
3 , 388 , 58
8 , 414 , 16
1 , 350 , 38
8 , 343 , 7
2 , 373 , 11
1 , 357 , 17
1 , 342 , 10
1 , 299 , 9
0 , 302 , 11
1 , 326 , 4
2 , 344 , 11
0 , 299 , 10
2 , 498 , 14
4 , 459 , 19
2 , 308 , 31
5 , 431 , 7
2 , 298 , 10
1 , 319 , 8
2 , 384 , 16
1 , 353 , 14
1 , 425 , 13
0 , 338 , 43
0 , 365 , 42
6 , 639 , 41
4 , 650 , 41
11 , 532 , 20
3 , 471 , 16
6 , 528 , 14
7 , 585 , 101
5 , 359 , 11
1 , 382 , 9
1 , 387 , 16
2 , 409 , 9
1 , 354 , 11
1 , 332 , 13
0 , 370 , 22
0 , 347 , 10
1 , 348 , 13
1 , 351 , 7
1 , 359 , 40
2 , 497 , 9
0 , 398 , 10
1 , 454 , 49
1 , 453 , 12
1 , 366 , 19
1 , 319 , 10
1 , 365 , 15
1 , 389 , 18
2 , 358 , 24
1 , 471 , 22
1 , 438 , 13
1 , 575 , 21
1 , 393 , 16
0 , 364 , 16
1 , 431 , 18
1 , 420 , 17
2 , 565 , 5
1 , 397 , 14
0 , 360 , 25
5 , 463 , 15
1 , 381 , 9
1 , 20048 , 97
2 , 358 , 44
4 , 291 , 37
1 , 321 , 104
8 , 318 , 16
1 , 296 , 51
1 , 361 , 37
1 , 271 , 28
1 , 305 , 12
1 , 295 , 7
1 , 271 , 20
1 , 383 , 90
1 , 365 , 32
8 , 391 , 50
0 , 432 , 28
1 , 355 , 19
1 , 488 , 19
0 , 571 , 17
1 , 404 , 8
3 , 269 , 48
1 , 487 , 37
1 , 437 , 21
2 , 405 , 27
0 , 347 , 26
7 , 327 , 16
1 , 391 , 13
2 , 303 , 19
3 , 429 , 63
1 , 275 , 10
1 , 526 , 159
0 , 602 , 20
2 , 596 , 8
1 , 433 , 59
2 , 430 , 12
1 , 456 , 52
1 , 570 , 21
1 , 472 , 26
1 , 591 , 55
0 , 579 , 23
1 , 609 , 72
0 , 635 , 21
2 , 424 , 15
4 , 368 , 13
1 , 365 , 14
0 , 442 , 52
1 , 391 , 11
2 , 392 , 31
0 , 377 , 67
2 , 327 , 11
1 , 579 , 79
1 , 492 , 27
1 , 471 , 6
1 , 501 , 45
5 , 364 , 13
2 , 356 , 18
0 , 338 , 13
1 , 379 , 33
0 , 385 , 15
1 , 367 , 16
1 , 382 , 25
1 , 330 , 10
0 , 441 , 20
3 , 395 , 33
2 , 455 , 30
3 , 477 , 20
1 , 478 , 24
1 , 559 , 9
1 , 489 , 24
1 , 403 , 30
2 , 410 , 17
1 , 515 , 31
6 , 484 , 92
2 , 663 , 33
3 , 721 , 9
1 , 570 , 21
2 , 359 , 21
0 , 383 , 15
1 , 478 , 9
0 , 446 , 53
2 , 462 , 37
1 , 559 , 84
17 , 426 , 18
5 , 537 , 29
2 , 443 , 29
5 , 564 , 15
1 , 506 , 36
1 , 585 , 20
2 , 602 , 25
1 , 511 , 45
1 , 800 , 41
1 , 387 , 15
1 , 1171 , 121
1 , 681 , 107
1 , 560 , 12
1 , 648 , 21
1 , 638 , 17
1 , 623 , 16
1 , 567 , 25
2 , 473 , 24
2 , 419 , 16
1 , 471 , 8
1 , 403 , 12
1 , 428 , 10
1 , 426 , 10
1 , 468 , 16
1 , 531 , 12
0 , 753 , 19
1 , 369 , 6
1 , 362 , 13
1 , 433 , 7
1 , 514 , 15
0 , 568 , 36
2 , 543 , 14
1 , 1062 , 20
1 , 710 , 16
2 , 815 , 14
0 , 524 , 22
1 , 524 , 18
0 , 453 , 14
3 , 521 , 32
1 , 404 , 7
0 , 414 , 10
2 , 571 , 9
0 , 523 , 14
2 , 507 , 13
1 , 416 , 8
1 , 361 , 7
1 , 474 , 28
0 , 418 , 7
2 , 767 , 15
0 , 481 , 13
2 , 465 , 9
1 , 447 , 9
1 , 438 , 78232
3 , 1283 , 43
2 , 517 , 28
1 , 375 , 29
5 , 702 , 37
1 , 675 , 68
3 , 653 , 39
1 , 735 , 40
1 , 1158 , 81
2 , 794 , 11
1 , 391 , 20
1 , 1841 , 31
1 , 701 , 159
1 , 1269 , 23
2 , 1540 , 47
51 , 3432 , 316
1 , 1527 , 48
10 , 604 , 26
2 , 567 , 32
3 , 510 , 43
3 , 414 , 30
1 , 409 , 9
1 , 711 , 53
1 , 782 , 29
0 , 643 , 47
1 , 711 , 16
1 , 961 , 31
2 , 1845 , 51
1 , 1604 , 182
1 , 1452 , 41
1 , 1297 , 130
5 , 724 , 76
1 , 628 , 30
0 , 658 , 44
3 , 1434 , 14
1 , 712 , 18
1 , 589 , 37
1 , 752 , 29
2 , 793 , 23
1 , 563 , 42
0 , 739 , 22
3 , 725 , 36
1 , 1320 , 41
3 , 950 , 47
2 , 1300 , 74
2 , 834 , 25
1 , 433 , 34
0 , 483 , 9
1 , 505 , 9
0 , 980 , 57
1 , 1428 , 36
1 , 1340 , 23
0 , 1500 , 44
1 , 650 , 16
3 , 872 , 34
4 , 936 , 28
1 , 573 , 18
1 , 1639 , 153
1 , 1016 , 36
1 , 1116 , 20
1 , 1529 , 36
5 , 978 , 16
2 , 801 , 16
1 , 1008 , 35
1 , 628 , 53
1 , 539 , 180
1 , 433 , 11
1 , 492 , 17
0 , 491 , 18
2 , 406 , 14
1 , 400 , 21
2 , 486 , 12
1 , 594 , 24
1 , 498 , 40
1 , 465 , 12
1 , 449 , 18
1 , 479 , 18
1 , 438 , 8
1 , 379 , 16
1 , 492 , 46
0 , 596 , 14
1 , 548 , 19
1 , 485 , 15
2 , 669 , 30
1 , 483 , 13
1 , 529 , 24
1 , 620 , 25
1 , 466 , 17
1 , 447 , 29
0 , 359 , 10
0 , 412 , 31
1 , 869 , 24
1 , 722 , 21
2 , 514 , 30
1 , 604 , 32
0 , 491 , 60
1 , 500 , 45
1 , 509 , 12
1 , 497 , 49
0 , 540 , 7
1 , 510 , 18
1 , 611 , 12
1 , 480 , 16
1 , 465 , 17
1 , 558 , 35
1 , 492 , 14
3 , 433 , 19
1 , 453 , 10
1 , 556 , 24
0 , 471 , 9
1 , 635 , 13
2 , 623 , 19
3 , 1020 , 31
2 , 934 , 26
1 , 663 , 25
1 , 518 , 17
2 , 486 , 14
1 , 593 , 14
1 , 636 , 24
1 , 631 , 10
1 , 446 , 30
1 , 672 , 12
1 , 496 , 24
1 , 448 , 24
1 , 433 , 14
2 , 464 , 18
1 , 476 , 10
1 , 485 , 13
1 , 551 , 13
0 , 643 , 18
1 , 419 , 20
2 , 412 , 8
1 , 24753 , 35
1 , 431 , 37
8 , 450 , 25
1 , 337 , 24
1 , 383 , 15
0 , 831 , 66
1 , 446 , 12
1 , 558 , 28
3 , 890 , 17
1 , 977 , 42
1 , 1192 , 26
1 , 1220 , 13
1 , 458 , 9
1 , 488 , 25
1 , 508 , 50
15 , 804 , 46
1 , 673 , 20
1 , 386 , 16
0 , 333 , 121
1 , 566 , 23
1 , 372 , 14
1 , 455 , 8
2 , 389 , 22
1 , 515 , 16
1 , 494 , 19
1 , 377 , 10
1 , 426 , 10
1 , 548 , 15
1 , 456 , 29
1 , 483 , 49
3 , 677 , 11
1 , 474 , 24
1 , 496 , 54
1 , 465 , 10
2 , 497 , 17
1 , 498 , 95
23 , 1181 , 41
0 , 696 , 24
0 , 696 , 48
3 , 496 , 46
1 , 1500 , 24
1 , 531 , 17
2 , 567 , 21
1 , 368 , 21
3 , 365 , 15
1 , 367 , 41
1 , 581 , 13
1 , 493 , 16
1 , 553 , 15
1 , 407 , 11
1 , 550 , 54
1 , 643 , 36
1 , 752 , 13
2 , 752 , 22
2 , 763 , 60
1 , 503 , 9
1 , 812 , 22
0 , 557 , 16
1 , 585 , 45
1 , 606 , 11
1 , 539 , 22
1 , 550 , 11
1 , 618 , 14
1 , 498 , 25
2 , 589 , 10
1 , 991 , 22
2 , 560 , 27
6 , 1044 , 43
1 , 970 , 27
3 , 753 , 89
1 , 573 , 18
1 , 583 , 43
2 , 867 , 19
1 , 533 , 40
1 , 466 , 11
3 , 649 , 16
1 , 517 , 38
2 , 1234 , 27
1 , 922 , 18
1 , 808 , 27
2 , 746 , 11
1 , 637 , 31
1 , 1899 , 66
2 , 668 , 68
3 , 625 , 11
2 , 589 , 46
0 , 741 , 26
1 , 557 , 18
0 , 434 , 12
2 , 497 , 39
1 , 465 , 9
2 , 539 , 18
1 , 483 , 14
1 , 597 , 88
0 , 759 , 29
16 , 638 , 28
1 , 611 , 10
1 , 326 , 6
1 , 1035 , 30
0 , 719 , 45
1 , 1154 , 25
2 , 830 , 13
4 , 617 , 10
1 , 394 , 12
1 , 443 , 10
2 , 413 , 18
1 , 572 , 14
1 , 476 , 25
2 , 546 , 27
1 , 1071 , 43
1 , 469 , 10
1 , 848 , 20
3 , 607 , 36
2 , 588 , 11
0 , 487 , 7
1 , 506 , 9
1 , 733 , 18
1 , 709 , 89
4 , 550 , 22
2 , 489 , 9
2 , 482 , 18
2 , 404 , 37
1 , 420 , 16
1 , 464 , 37
0 , 486 , 9
0 , 453 , 11
0 , 682 , 33
1 , 649 , 8
1 , 549 , 33
2 , 1274 , 202
20 , 989 , 19
0 , 720 , 27
0 , 595 , 22
1 , 493 , 9
2 , 522 , 5
1 , 489 , 27
0 , 606 , 42
2 , 495 , 26
0 , 514 , 23
0 , 556 , 13
2 , 531 , 17
1 , 554 , 29
1 , 499 , 58
10 , 575 , 11
2 , 513 , 7
1 , 466 , 25
0 , 417 , 21
1 , 407 , 10
2 , 471 , 43
2 , 28797 , 78
1 , 621 , 16
1 , 456 , 44
1 , 373 , 18
1 , 300 , 386
1 , 499 , 17
0 , 480 , 8
1 , 497 , 16
0 , 446 , 32
1 , 501 , 64
0 , 664 , 17
1 , 447 , 13
1 , 503 , 33
1 , 490 , 17
1 , 447 , 25
1 , 460 , 33
1 , 501 , 21
1 , 484 , 36
1 , 604 , 15
5 , 524 , 55
1 , 445 , 13
1 , 565 , 63
1 , 502 , 42
3 , 480 , 23
0 , 701 , 27
0 , 494 , 51
1 , 449 , 138
1 , 413 , 20
1 , 396 , 20
1 , 395 , 7
2 , 408 , 37
1 , 401 , 15
1 , 387 , 16
1 , 429 , 15
0 , 437 , 27
0 , 470 , 32
0 , 502 , 14
0 , 556 , 24
1 , 1408 , 105
1 , 493 , 67
1 , 481 , 10
1 , 543 , 20
1 , 354 , 18
1 , 628 , 48
1 , 854 , 46
1 , 586 , 15
1 , 589 , 43
1 , 677 , 57
1 , 483 , 73
1 , 910 , 54
1 , 848 , 33
1 , 554 , 27
0 , 529 , 28
1 , 545 , 18
1 , 545 , 23
0 , 576 , 272
1 , 448 , 28
0 , 542 , 5
0 , 547 , 92
1 , 598 , 18
1 , 514 , 47
2 , 420 , 21
8 , 412 , 40
1 , 427 , 36
1 , 473 , 11
1 , 438 , 24
0 , 532 , 12
1 , 602 , 8
1 , 479 , 14
5 , 497 , 20
1 , 681 , 13
1 , 495 , 13
1 , 611 , 27
1 , 622 , 49
1 , 538 , 94
2 , 623 , 40
1 , 592 , 22
1 , 662 , 33
1 , 558 , 17
0 , 581 , 19
1 , 754 , 79
1 , 417 , 30
0 , 434 , 98
1 , 635 , 17
1 , 787 , 18
1 , 706 , 31
1 , 699 , 30
1 , 649 , 18
1 , 660 , 23
2 , 517 , 14
2 , 499 , 16
1 , 675 , 32
1 , 725 , 21
1 , 447 , 12
3 , 520 , 16
2 , 540 , 22
1 , 453 , 18
1 , 613 , 44
1 , 484 , 17
1 , 493 , 28
1 , 459 , 16
1 , 468 , 17
2 , 406 , 16
1 , 449 , 13
1 , 407 , 31
2 , 579 , 26
2 , 524 , 12
1 , 532 , 20
1 , 461 , 15
1 , 469 , 12
1 , 580 , 33
0 , 462 , 13
1 , 457 , 22
1 , 429 , 10
1 , 542 , 19
1 , 518 , 27
1 , 528 , 41
1 , 634 , 88
4 , 497 , 10
1 , 479 , 23
2 , 356 , 11
1 , 402 , 42
0 , 605 , 18
1 , 619 , 25
4 , 528 , 24
2 , 610 , 16
0 , 540 , 40
1 , 503 , 20
1 , 465 , 49
2 , 572 , 19
2 , 548 , 16
1 , 482 , 21
2 , 515 , 18
1 , 671 , 17
1 , 479 , 11
1 , 478 , 12
2 , 522 , 22
1 , 530 , 24
1 , 497 , 20
1 , 432 , 9
1 , 3812 , 121
0 , 1320 , 29
1 , 671 , 36
6 , 601 , 11
0 , 488 , 12
1 , 34284 , 51
2 , 566 , 40
1 , 430 , 16
1 , 582 , 24
0 , 492 , 21
1 , 486 , 46
1 , 505 , 46
0 , 410 , 9
0 , 408 , 28
1 , 558 , 28
0 , 397 , 8
1 , 390 , 24
1 , 401 , 26
1 , 388 , 15
1 , 376 , 13
0 , 659 , 35
1 , 517 , 14
0 , 498 , 12
1 , 492 , 106
1 , 522 , 14
2 , 456 , 51
2 , 514 , 39
1 , 661 , 14
1 , 512 , 26
1 , 629 , 56
6 , 591 , 16
1 , 460 , 31
1 , 527 , 89
1 , 631 , 55
1 , 470 , 13
1 , 519 , 29
3 , 471 , 49
1 , 516 , 78
1 , 579 , 16
6 , 476 , 26
2 , 487 , 21
1 , 1026 , 20
3 , 463 , 24
2 , 606 , 42
2 , 652 , 29
1 , 1156249 , 186
8 , 705 , 77
1 , 749 , 77
2 , 588 , 74
1 , 706 , 48
1 , 1798 , 177
6 , 2813 , 53
1 , 719 , 12
1 , 686 , 69
1 , 625 , 25
3 , 813 , 29
2 , 940 , 197
2 , 677 , 26
1 , 562 , 20
0 , 532 , 75
1 , 797 , 61
2 , 792 , 37
2 , 623 , 19
3 , 785 , 39
2 , 651 , 94
1 , 855 , 22
1 , 898 , 49
3 , 196137 , 91
9 , 918 , 44
1 , 802 , 17
2 , 653 , 35
1 , 665 , 32
1 , 662 , 14
1 , 606 , 38
1 , 623 , 26
1 , 651 , 29
1 , 558 , 16
1 , 569 , 33
1 , 615 , 67
1 , 542 , 33
1 , 511 , 16
1 , 650 , 20
2 , 641 , 16
1 , 483 , 15
1 , 472 , 22
1 , 495 , 12
2 , 512 , 12
1 , 585 , 24
0 , 530 , 31
1 , 606 , 19
1 , 691 , 18
2 , 475 , 20
0 , 558 , 15
1 , 428 , 7
1 , 425 , 12
3 , 442 , 18
1 , 517 , 11
1 , 820 , 18
1 , 785 , 10
1 , 430 , 11
2 , 413 , 10
1 , 648 , 8
0 , 912 , 10
0 , 1474 , 17
0 , 785 , 24
0 , 666 , 20
1 , 770 , 29
1 , 958 , 22
1 , 721 , 28
2 , 725 , 9
0 , 1602 , 16
0 , 609 , 23
1 , 690 , 10
0 , 680 , 19
4 , 651 , 74
1 , 663 , 42
1 , 769 , 15
0 , 658 , 34
1 , 919 , 23
1 , 900 , 46
1 , 855 , 42
1 , 772 , 17
1 , 1157 , 29
0 , 908 , 9
1 , 636 , 67
1 , 806 , 10
0 , 814 , 202
7 , 712 , 10
1 , 668 , 11
1 , 750 , 17
2 , 1086 , 65
2 , 956 , 56
1 , 699 , 64
1 , 804 , 30
2 , 1095 , 43
1 , 934 , 11
1 , 490 , 17
0 , 507 , 37
2 , 1254 , 33
1 , 795 , 75
1 , 751 , 49
4 , 639 , 31
1 , 727 , 41
1 , 655 , 35
1 , 824 , 25
2 , 747 , 9
1 , 983 , 32
1 , 543 , 13
1 , 494 , 21
1 , 656 , 19
1 , 540 , 52
1 , 595 , 31
4 , 611 , 23
1 , 617 , 19
1 , 611 , 78
2 , 644 , 80
1 , 633 , 48
1 , 571 , 24
1 , 626 , 14
2 , 558 , 16
1 , 666 , 20
0 , 655 , 20
1 , 770 , 20
1 , 568 , 27
1 , 697 , 20
1 , 606 , 18
3 , 488 , 12
3 , 484 , 64
1 , 596 , 11
1 , 562 , 27
0 , 596 , 16
1 , 697 , 42
2 , 586 , 9
4 , 571 , 21
5 , 642 , 15
1 , 883 , 12
1 , 669 , 13
1 , 729 , 21
2 , 764 , 19
2 , 870 , 35
1 , 735 , 14
1 , 714 , 15
3 , 659 , 14
2 , 597 , 25
1 , 588 , 14
1 , 808 , 31
2 , 878 , 17
1 , 1103 , 16
4 , 47455 , 101
2 , 872 , 41
2 , 594 , 14
1 , 548 , 50
1 , 652 , 9
1 , 664 , 46
1 , 637 , 63
1 , 612 , 41
2 , 637 , 43
1 , 716 , 100
2 , 472 , 20
1 , 629 , 38
0 , 653 , 37
1 , 578 , 29
1 , 589 , 54
1 , 641 , 38
1 , 549 , 18
3 , 614 , 87
9 , 657 , 55
1 , 393 , 39
1 , 1663 , 82
1 , 701 , 47
1 , 680 , 31
1 , 572 , 235
1 , 445 , 54
1 , 468 , 47
0 , 754 , 24
0 , 782 , 24
0 , 728 , 48
1 , 603 , 35
2 , 684 , 168
4 , 853 , 35
1 , 600 , 52
1 , 960 , 32
0 , 525 , 17
1 , 614 , 126
2 , 745 , 48
2 , 470 , 14
3 , 712 , 22
1 , 841 , 48
1 , 550 , 26
5 , 636 , 29
1 , 541 , 85
1 , 599 , 22
2 , 631 , 20
1 , 637 , 26
1 , 617 , 33
1 , 649 , 27
4 , 605 , 47
0 , 576 , 14
0 , 997 , 13
1 , 688 , 14
2 , 584 , 22
1 , 596 , 89
1 , 660 , 23
1 , 758 , 33
1 , 659 , 23
1 , 756 , 44
3 , 563 , 28
1 , 609 , 12
1 , 943 , 47
1 , 676 , 30
1 , 636 , 332
1 , 632 , 24
1 , 563 , 38
1 , 538 , 22
1 , 676 , 36
1 , 708 , 20
1 , 651 , 14
2 , 683 , 31
1 , 603 , 18
1 , 687 , 146
1 , 707 , 17
0 , 537 , 11
3 , 643 , 34
3 , 622 , 22
0 , 572 , 41
2 , 676 , 17
1 , 576 , 12
1 , 592 , 8
1 , 615 , 45
1 , 594 , 33
8 , 674 , 28
1 , 666 , 24
1 , 577 , 29
1 , 749 , 9
1 , 671 , 19
1 , 622 , 22
1 , 688 , 16
1 , 754 , 40
1 , 604 , 16
1 , 520 , 29
2 , 688 , 20
1 , 711 , 47
1 , 739 , 17
1 , 786 , 33
1 , 739 , 64
0 , 656 , 23
1 , 662 , 37
1 , 660 , 20
2 , 578 , 16
0 , 536 , 12
2 , 769 , 37
1 , 810 , 49
1 , 1532 , 38
1 , 758 , 27
1 , 853 , 17
3 , 680 , 31
1 , 774 , 14
1 , 752 , 27
0 , 729 , 23
1 , 658 , 14
0 , 737 , 25
1 , 841 , 23
1 , 48476 , 58
2 , 1251 , 33
1 , 818 , 15
0 , 625 , 74
1 , 1578 , 48
2 , 706 , 77
2 , 551 , 14
1 , 655 , 315
1 , 578 , 28
1 , 473 , 96
1 , 469 , 42
1 , 510 , 62
1 , 522 , 19
1 , 567 , 32
1 , 551 , 74
1 , 607 , 19
2 , 588 , 69
1 , 560 , 48
1 , 494 , 57
1 , 547 , 113
1 , 537 , 19
1 , 634 , 8
2 , 476 , 23
1 , 508 , 10
0 , 621 , 51
1 , 632 , 17
1 , 512 , 26
1 , 1090 , 45
1 , 801 , 86
1 , 547 , 36
4 , 538 , 61
8 , 529 , 19
1 , 455 , 21
0 , 579 , 47
1 , 722 , 38
1 , 732 , 37
4 , 663 , 76
1 , 928 , 17
1 , 723 , 71
1 , 656 , 19
1 , 604 , 29
1 , 655 , 16
1 , 739 , 39
2 , 500 , 14
1 , 603 , 44
1 , 632 , 59
1 , 492 , 126
1 , 662 , 39
1 , 542 , 18
1 , 578 , 19
1 , 677 , 30
0 , 577 , 12
0 , 560 , 33
1 , 617 , 28
3 , 584 , 44
0 , 624 , 101
1 , 598 , 15
1 , 587 , 9
1 , 586 , 34
1 , 628 , 37
0 , 547 , 26
1 , 643 , 15
2 , 638 , 15
2 , 613 , 68
1 , 641 , 21
1 , 664 , 63
1 , 642 , 18
1 , 599 , 46
1 , 508 , 21
1 , 517 , 36
1 , 559 , 74
1 , 497 , 20
1 , 933 , 15
1 , 575 , 79
1 , 615 , 39
1 , 627 , 9
2 , 584 , 15
1 , 524 , 11
1 , 607 , 26
2 , 596 , 66
1 , 681 , 42
1 , 659 , 23
1 , 612 , 13
2 , 643 , 11
0 , 612 , 13
1 , 703 , 11
2 , 649 , 12
0 , 752 , 14
0 , 639 , 32
1 , 800 , 29
0 , 836 , 48
1 , 614 , 17
2 , 624 , 34
1 , 614 , 131
3 , 1345 , 50
3 , 923 , 71
1 , 629 , 32
1 , 595 , 24
3 , 655 , 25
1 , 633 , 17
3 , 638 , 19
1 , 638 , 94
1 , 641 , 33
1 , 777 , 28
3 , 597 , 72
6 , 548 , 15
1 , 578 , 15
0 , 544 , 26
1 , 885 , 18
0 , 550 , 0
4 , 546 , 0
1 , 532 , 0
1 , 453 , 0
3 , 438 , 0
1 , 461 , 0
3 , 545 , 0
1 , 796 , 1
3 , 634 , 0
1 , 629 , 0
1 , 633 , 0
2 , 592 , 1
1 , 565 , 0
3 , 535 , 0
1 , 557 , 1
4 , 586 , 0
1 , 524 , 0
1 , 662 , 0
3 , 599 , 0
1 , 543 , 0
1 , 573 , 0
2 , 560 , 0
1 , 541 , 0
1 , 547 , 0
1 , 487 , 0
1 , 468 , 0
1 , 477 , 0
1 , 507 , 0
1 , 474 , 0
1 , 449 , 0
2 , 436 , 0
1 , 431 , 0
1 , 384 , 0
