Load, Evidence sets update, BitSetMap update, Negative cover update, Positive cover update, Merge BitSet map, Total
2 , 15 , 0 , 0 , 29 , 3 , 49
24 , 7 , 0 , 0 , 4 , 0 , 35
2 , 59 , 1 , 0 , 13 , 0 , 75
0 , 23 , 0 , 0 , 5 , 0 , 28
1 , 18 , 1 , 0 , 4 , 0 , 24
0 , 37 , 1 , 0 , 7 , 0 , 45
19 , 17 , 0 , 0 , 11 , 0 , 47
0 , 45 , 0 , 0 , 3 , 0 , 48
0 , 34 , 8 , 0 , 28 , 0 , 70
3 , 12 , 0 , 0 , 5 , 0 , 20
1 , 17 , 0 , 0 , 11 , 1 , 30
5 , 80 , 0 , 0 , 4 , 0 , 89
1 , 31 , 1 , 0 , 4 , 0 , 37
1 , 28 , 1 , 0 , 2 , 0 , 32
1 , 81 , 0 , 0 , 4 , 0 , 86
0 , 27 , 0 , 0 , 2 , 0 , 29
0 , 18 , 0 , 0 , 36 , 0 , 54
1 , 27 , 0 , 0 , 3 , 0 , 31
0 , 32 , 1 , 0 , 2 , 0 , 35
0 , 99 , 0 , 0 , 5 , 0 , 104
1 , 39 , 0 , 0 , 11 , 0 , 51
1 , 32 , 0 , 0 , 4 , 0 , 37
1 , 25 , 1 , 0 , 2 , 30 , 59
0 , 74 , 1 , 0 , 23 , 0 , 98
0 , 23 , 0 , 0 , 11 , 0 , 34
1 , 23 , 2 , 0 , 3 , 0 , 29
0 , 38 , 0 , 0 , 60 , 0 , 98
1 , 67 , 0 , 0 , 3 , 0 , 71
0 , 98 , 0 , 0 , 4 , 0 , 102
0 , 87 , 1 , 0 , 6 , 1 , 95
