Load, Inserted bitset computation, Update ASTree, Number of evidence vectors
6 , 45 , 14 , 152
13 , 76 , 3 , 127
3 , 58 , 3 , 116
5 , 94 , 4 , 111
4 , 104 , 3 , 110
4 , 150 , 3 , 112
4 , 76 , 4 , 109
3 , 160 , 4 , 107
4 , 144 , 4 , 105
5 , 179 , 4 , 98
1 , 148 , 3 , 98
5 , 208 , 3 , 100
1 , 104 , 9 , 103
7 , 135 , 5 , 97
2 , 140 , 3 , 99
16 , 163 , 2 , 102
1 , 133 , 2 , 97
3 , 287 , 2 , 102
1 , 75 , 2 , 102
2 , 88 , 3 , 100
4 , 225 , 2 , 94
2 , 190 , 6 , 97
1 , 174 , 4 , 92
2 , 202 , 3 , 101
1 , 186 , 3 , 97
2 , 228 , 2 , 93
1 , 141 , 3 , 96
1 , 121 , 2 , 90
1 , 155 , 3 , 97
3 , 133 , 2 , 89
1 , 239 , 3 , 87
1 , 122 , 3 , 92
1 , 156 , 2 , 85
1 , 131 , 2 , 96
1 , 162 , 3 , 89
1 , 164 , 3 , 88
1 , 165 , 3 , 91
1 , 188 , 3 , 89
1 , 257 , 3 , 93
2 , 266 , 3 , 92
2 , 279 , 5 , 89
3 , 506 , 3 , 83
1 , 163 , 3 , 86
2 , 183 , 3 , 81
1 , 193 , 3 , 89
2 , 208 , 3 , 88
2 , 205 , 3 , 89
2 , 334 , 1 , 84
2 , 203 , 2 , 82
0 , 199 , 3 , 80
2 , 211 , 3 , 86
1 , 222 , 3 , 84
2 , 255 , 3 , 93
2 , 342 , 3 , 85
1 , 316 , 3 , 81
2 , 291 , 2 , 83
0 , 283 , 3 , 79
1 , 324 , 4 , 84
2 , 367 , 4 , 83
1 , 379 , 4 , 90
2 , 402 , 4 , 79
3 , 696 , 2 , 83
1 , 254 , 3 , 88
2 , 273 , 3 , 85
2 , 274 , 3 , 79
2 , 273 , 2 , 78
1 , 278 , 3 , 78
2 , 288 , 3 , 81
2 , 305 , 3 , 75
1 , 2483 , 2 , 74
1 , 306 , 3 , 74
1 , 315 , 3 , 77
1 , 305 , 2 , 78
1 , 326 , 3 , 70
1 , 326 , 3 , 74
1 , 333 , 3 , 79
2 , 348 , 3 , 80
2 , 351 , 3 , 72
2 , 389 , 3 , 82
2 , 433 , 3 , 83
1 , 451 , 4 , 87
1 , 459 , 4 , 81
1 , 532 , 4 , 85
1 , 490 , 4 , 82
1 , 549 , 3 , 77
1 , 578 , 4 , 82
1 , 592 , 3 , 78
2 , 417 , 3 , 80
1 , 421 , 3 , 80
1 , 461 , 4 , 75
1 , 423 , 3 , 68
1 , 440 , 3 , 79
1 , 423 , 3 , 68
1 , 7552 , 2 , 67
1 , 401 , 3 , 78
1 , 410 , 3 , 76
1 , 412 , 3 , 69
1 , 425 , 3 , 84
1 , 436 , 3 , 72
1 , 446 , 3 , 71
1 , 455 , 3 , 78
1 , 474 , 3 , 78
1 , 483 , 3 , 74
1 , 490 , 4 , 77
1 , 500 , 3 , 69
1 , 751 , 2 , 68
1 , 418 , 3 , 74
1 , 441 , 3 , 75
1 , 449 , 2 , 53
1 , 455 , 3 , 74
1 , 472 , 3 , 83
1 , 474 , 3 , 73
1 , 494 , 3 , 71
1 , 507 , 3 , 65
1 , 507 , 3 , 70
1 , 519 , 4 , 75
2 , 529 , 4 , 71
1 , 538 , 3 , 64
1 , 752 , 3 , 74
1 , 482 , 3 , 65
1 , 493 , 4 , 68
1 , 498 , 3 , 63
2 , 506 , 3 , 76
1 , 519 , 3 , 65
2 , 523 , 4 , 75
1 , 536 , 4 , 74
1 , 547 , 3 , 66
1 , 554 , 3 , 70
1 , 558 , 4 , 75
1 , 565 , 3 , 77
1 , 582 , 3 , 62
1 , 604 , 4 , 63
1 , 793 , 2 , 67
1 , 553 , 3 , 73
1 , 560 , 3 , 68
1 , 537 , 3 , 70
1 , 557 , 3 , 63
2 , 559 , 3 , 73
2 , 566 , 3 , 71
1 , 4628 , 2 , 68
1 , 712 , 3 , 72
1 , 565 , 3 , 66
1 , 572 , 3 , 64
1 , 1168 , 3 , 63
1 , 629 , 3 , 65
1 , 618 , 4 , 64
1 , 625 , 3 , 64
2 , 629 , 3 , 69
1 , 636 , 3 , 66
2 , 666 , 4 , 60
2 , 669 , 3 , 65
2 , 675 , 4 , 57
1 , 682 , 3 , 65
2 , 690 , 4 , 58
1 , 2214 , 3 , 62
1 , 659 , 3 , 63
2 , 663 , 3 , 60
1 , 676 , 3 , 62
1 , 685 , 4 , 63
1 , 694 , 3 , 63
1 , 699 , 3 , 67
2 , 709 , 4 , 58
1 , 718 , 4 , 68
1 , 721 , 3 , 68
1 , 738 , 3 , 65
1 , 737 , 4 , 60
1 , 1014 , 3 , 63
1 , 705 , 3 , 67
1 , 699 , 4 , 60
1 , 729 , 4 , 53
2 , 747 , 3 , 60
1 , 748 , 3 , 61
1 , 738 , 3 , 56
2 , 739 , 3 , 64
1 , 747 , 3 , 66
1 , 755 , 3 , 68
2 , 781 , 3 , 58
2 , 2582 , 3 , 63
1 , 782 , 5 , 65
1 , 740 , 3 , 56
1 , 745 , 3 , 59
1 , 762 , 3 , 54
1 , 766 , 3 , 56
2 , 776 , 3 , 64
1 , 787 , 4 , 61
1 , 793 , 4 , 56
1 , 1002 , 4 , 74
1 , 811 , 4 , 59
2 , 815 , 3 , 67
1 , 1504 , 3 , 58
2 , 781 , 3 , 60
1 , 789 , 4 , 62
1 , 782 , 4 , 54
1 , 805 , 3 , 65
0 , 813 , 4 , 56
1 , 861 , 3 , 51
2 , 817 , 4 , 69
1 , 831 , 3 , 59
2 , 879 , 3 , 61
1 , 1012 , 3 , 59
0 , 3404 , 3 , 58
1 , 867 , 4 , 59
1 , 862 , 4 , 58
1 , 882 , 4 , 60
1 , 867 , 4 , 59
1 , 915 , 5 , 47
1 , 932 , 4 , 52
1 , 1108 , 4 , 51
1 , 936 , 3 , 62
1 , 1023 , 4 , 55
1 , 12887 , 3 , 62
1 , 1431 , 5 , 58
0 , 1191 , 4 , 61
0 , 1226 , 4 , 55
2 , 1639 , 5 , 62
1 , 1699 , 5 , 60
1 , 1684 , 6 , 50
1 , 4318 , 4 , 59
2 , 974 , 4 , 61
1 , 1045 , 4 , 50
1 , 1252 , 3 , 56
2 , 1164 , 4 , 54
1 , 1154 , 5 , 58
0 , 1181 , 4 , 61
1 , 1091 , 4 , 56
1 , 1028 , 3 , 48
1 , 1039 , 4 , 54
1 , 4338 , 3 , 61
1 , 997 , 3 , 61
2 , 996 , 4 , 60
0 , 1095 , 3 , 54
1 , 2307 , 24 , 54
6 , 1609 , 4 , 64
1 , 1089 , 4 , 59
2 , 1029 , 3 , 58
2 , 1029 , 4 , 61
1 , 1057 , 3 , 53
1 , 1301 , 3 , 56
1 , 979 , 3 , 53
2 , 988 , 3 , 61
2 , 995 , 3 , 45
1 , 1031 , 6 , 63
2 , 2166 , 4 , 51
2 , 1046 , 3 , 49
1 , 1050 , 3 , 56
2 , 1068 , 4 , 49
1 , 1100 , 3 , 53
1 , 1385 , 6 , 57
1 , 2385 , 3 , 52
1 , 1111 , 4 , 46
1 , 1130 , 4 , 52
2 , 1382 , 3 , 53
2 , 1292 , 4 , 59
2 , 2388 , 4 , 49
1 , 1081 , 4 , 60
0 , 1294 , 6 , 51
1 , 1132 , 4 , 65
2 , 1162 , 4 , 48
2 , 1141 , 4 , 56
2 , 2928 , 3 , 50
1 , 1193 , 4 , 65
1 , 1145 , 4 , 63
2 , 1459 , 4 , 51
1 , 1233 , 5 , 41
1 , 1326 , 4 , 59
1 , 1204 , 4 , 42
1 , 1145 , 4 , 52
2 , 1121 , 4 , 47
1 , 1112 , 4 , 57
1 , 1133 , 3 , 52
2 , 1271 , 3 , 57
2 , 1409 , 6 , 50
1 , 2924 , 6 , 40
1 , 1169 , 4 , 57
2 , 1133 , 3 , 55
2 , 1116 , 4 , 46
2 , 1177 , 4 , 53
2 , 1241 , 4 , 47
0 , 1239 , 6 , 54
2 , 1237 , 4 , 58
1 , 1157 , 3 , 50
2 , 1154 , 3 , 52
1 , 1256 , 4 , 53
2 , 1188 , 3 , 59
1 , 2736 , 4 , 58
2 , 1508 , 4 , 52
1 , 1209 , 4 , 56
2 , 1260 , 4 , 39
1 , 1168 , 4 , 41
2 , 1182 , 4 , 61
1 , 1178 , 4 , 54
2 , 1174 , 4 , 51
2 , 1217 , 3 , 59
1 , 1187 , 3 , 50
1 , 1221 , 4 , 47
1 , 1232 , 5 , 49
1 , 4399 , 10 , 40
1 , 1303 , 4 , 51
2 , 1205 , 3 , 57
2 , 1260 , 5 , 54
1 , 1495 , 3 , 41
1 , 1483 , 5 , 49
2 , 1781 , 4 , 58
1 , 1372 , 4 , 48
1 , 1261 , 4 , 49
1 , 1735 , 6 , 43
1 , 1507 , 4 , 50
2 , 1423 , 4 , 49
1 , 1677 , 4 , 58
0 , 4312 , 5 , 46
1 , 1811 , 5 , 46
1 , 1365 , 4 , 46
2 , 1210 , 4 , 47
2 , 1626 , 4 , 49
2 , 1517 , 3 , 47
1 , 64985 , 9 , 39
3 , 2427 , 7 , 45
2 , 2291 , 8 , 48
2 , 2373 , 6 , 54
2 , 3315 , 9 , 45
1 , 2215 , 7 , 47
3 , 2235 , 8 , 40
2 , 2307 , 6 , 43
1 , 2343 , 11 , 50
