Load, Evidence sets update, BitSetMap update, Negative cover update, Positive cover update, Merge BitSet map, Total, Total (without data loading)
11 , 80 , 2 , 46 , 173 , 2 , 314 , 303
7 , 105 , 1 , 85 , 647 , 2 , 847 , 840
4 , 44 , 2 , 64 , 1606 , 3 , 1723 , 1719
42 , 386 , 2 , 34 , 2064 , 1 , 2529 , 2487
2 , 98 , 2 , 51 , 4896 , 1 , 5050 , 5048
2 , 63 , 2 , 45 , 6530 , 1 , 6643 , 6641
0 , 83 , 3 , 46 , 7161 , 2 , 7295 , 7295
1 , 98 , 4 , 52 , 9090 , 2 , 9247 , 9246
1 , 129 , 4 , 940 , 11636 , 2 , 12712 , 12711
1 , 72 , 3 , 45 , 13529 , 2 , 13652 , 13651