Load, Inserted bitset computation, Update ASTree
2 , 6 , 2
1 , 13 , 2
1 , 8 , 2
2 , 5 , 6
20 , 9 , 2
1 , 9 , 1
1 , 34 , 2
1 , 16 , 2
8 , 47 , 2
1 , 7 , 3
1 , 8 , 2
1 , 7 , 3
1 , 20 , 5
2 , 14 , 3
1 , 9 , 5
2 , 17 , 12
1 , 15 , 3
1 , 9 , 4
1 , 13 , 3
1 , 14 , 4
0 , 17 , 3
1 , 14 , 3
2 , 18 , 9
8 , 21 , 3
0 , 7 , 5
0 , 20 , 6
2 , 13 , 6
1 , 11 , 7
1 , 16 , 4
1 , 12 , 3
1 , 12 , 6
1 , 27 , 10
0 , 20 , 5
1 , 25 , 7
1 , 25 , 3
1 , 24 , 5
0 , 22 , 6
0 , 21 , 4
0 , 34 , 6
0 , 31 , 4
0 , 30 , 8
1 , 21 , 4
0 , 15 , 5
1 , 24 , 6
1 , 16 , 4
1 , 24 , 4
0 , 18 , 6
0 , 87 , 11
1 , 19 , 4
1 , 14 , 3
0 , 12 , 5
1 , 15 , 3
1 , 16 , 4
0 , 70 , 6
0 , 35 , 5
0 , 26 , 8
0 , 17 , 5
1 , 13 , 4
0 , 22 , 6
0 , 21 , 6
1 , 17 , 5
1 , 24 , 7
0 , 17 , 10
1 , 17 , 6
0 , 18 , 5
0 , 30 , 11
0 , 20 , 4
0 , 25 , 6
1 , 27 , 5
0 , 21 , 12
0 , 25 , 4
1 , 24 , 7
0 , 21 , 5
1 , 30 , 6
1 , 23 , 6
1 , 19 , 4
0 , 34 , 4
0 , 21 , 6
0 , 22 , 111
1 , 23 , 15
0 , 41 , 7
1 , 183 , 16
0 , 32 , 10
1 , 27 , 9
1 , 186 , 9
0 , 30 , 9
1 , 167 , 9
1 , 40 , 9
0 , 205 , 10
0 , 23 , 12
1 , 53 , 14
0 , 36 , 43
0 , 36 , 8
0 , 84 , 9
0 , 44 , 7
0 , 129 , 16
2 , 90 , 72
1 , 70 , 18
0 , 53 , 10
0 , 4 , 1
