Load, Inserted bitset computation, Update ASTree, Number of evidence vectors
2 , 19 , 1 , 87
2 , 42 , 0 , 71
1 , 13 , 0 , 61
1 , 22 , 0 , 57
1 , 26 , 0 , 45
1 , 23 , 0 , 32
3 , 68 , 0 , 41
1 , 12 , 0 , 36
3 , 22 , 0 , 29
4 , 29 , 0 , 37
5 , 31 , 0 , 31
22 , 25 , 1 , 16
1 , 21 , 1 , 25
4 , 18 , 0 , 21
1 , 16 , 0 , 18
5 , 47 , 0 , 21
0 , 21 , 0 , 17
1 , 26 , 0 , 14
0 , 27 , 0 , 12
1 , 25 , 0 , 19
0 , 55 , 1 , 24
1 , 58 , 1 , 30
1 , 47 , 0 , 15
0 , 70 , 0 , 15
0 , 62 , 1 , 15
1 , 27 , 0 , 20
1 , 56 , 0 , 3
0 , 29 , 0 , 21
0 , 75 , 0 , 23
0 , 44 , 1 , 3
1 , 43 , 0 , 10
1 , 50 , 0 , 25
0 , 38 , 0 , 2
0 , 41 , 0 , 4
0 , 42 , 0 , 22
0 , 44 , 0 , 11
0 , 65 , 0 , 17
1 , 89 , 3 , 16
0 , 35 , 0 , 12
1 , 33 , 0 , 17
0 , 30 , 0 , 20
0 , 49 , 0 , 18
0 , 35 , 0 , 20
0 , 49 , 0 , 13
0 , 41 , 0 , 21
1 , 75 , 0 , 24
1 , 46 , 0 , 17
1 , 32 , 0 , 9
1 , 23 , 0 , 27
0 , 23 , 0 , 29
0 , 29 , 1 , 9
0 , 276 , 1 , 18
1 , 86 , 0 , 18
1 , 141 , 2 , 18
1 , 205 , 0 , 14
0 , 171 , 0 , 25
0 , 56 , 0 , 5
1 , 30 , 0 , 14
0 , 24 , 0 , 15
2 , 33 , 0 , 16
1 , 25 , 0 , 12
1 , 33 , 0 , 17
0 , 26 , 0 , 6
1 , 25 , 0 , 20
1 , 30 , 0 , 19
1 , 27 , 0 , 12
1 , 40 , 0 , 25
0 , 42 , 0 , 7
1 , 39 , 1 , 8
0 , 33 , 0 , 19
1 , 48 , 0 , 17
0 , 83 , 0 , 17
1 , 34 , 0 , 9
1 , 101 , 1 , 10
1 , 42 , 0 , 14
0 , 37 , 0 , 6
1 , 31 , 0 , 14
1 , 40 , 0 , 17
0 , 32 , 1 , 19
0 , 39 , 0 , 11
1 , 46 , 0 , 10
1 , 45 , 0 , 0
1 , 194 , 0 , 18
2 , 142 , 0 , 17
1 , 50 , 0 , 8
3 , 55 , 1 , 15
1 , 71 , 0 , 16
1 , 69 , 0 , 12
1 , 132 , 0 , 6
1 , 103 , 0 , 22
1 , 258 , 0 , 3
1 , 286 , 0 , 17
1 , 47 , 0 , 20
0 , 47 , 0 , 15
0 , 42 , 0 , 6
1 , 59 , 0 , 17
1 , 149 , 0 , 8
1 , 95 , 0 , 17
1 , 48 , 0 , 10
0 , 56 , 0 , 18
1 , 54 , 0 , 10
1 , 51 , 0 , 15
2 , 52 , 0 , 8
2 , 72 , 0 , 18
1 , 67 , 0 , 6
1 , 56 , 0 , 17
1 , 52 , 0 , 8
1 , 50 , 0 , 12
2 , 63 , 0 , 15
1 , 69 , 0 , 13
1 , 91 , 0 , 19
102 , 130 , 0 , 10
1 , 53 , 0 , 15
1 , 73 , 0 , 5
6 , 89 , 0 , 17
1 , 81 , 1 , 12
1 , 227 , 0 , 5
1 , 138 , 2 , 11
0 , 114 , 0 , 20
1 , 181 , 0 , 11
1 , 102 , 0 , 20
0 , 169 , 1 , 6
0 , 141 , 0 , 8
13 , 166 , 0 , 18
1 , 73 , 0 , 19
1 , 159 , 0 , 15
1 , 199 , 1 , 17
1 , 111 , 0 , 13
2 , 100 , 1 , 1
1 , 100 , 0 , 9
1 , 118 , 0 , 13
1 , 111 , 0 , 21
1 , 134 , 1 , 22
2 , 112 , 0 , 0
0 , 110 , 1 , 4
1 , 110 , 0 , 13
1 , 120 , 1 , 17
5 , 113 , 0 , 9
1 , 142 , 0 , 12
1 , 349 , 1 , 19
0 , 80 , 1 , 10
0 , 108 , 1 , 6
1 , 93 , 0 , 13
1 , 138 , 0 , 3
1 , 93 , 0 , 16
1 , 296 , 0 , 9
1 , 125 , 0 , 4
1 , 125 , 1 , 14
1 , 89 , 0 , 9
1 , 117 , 0 , 10
1 , 100 , 0 , 5
1 , 117 , 1 , 2
2 , 181 , 0 , 21
0 , 133 , 0 , 14
1 , 137 , 0 , 7
1 , 147 , 1 , 11
0 , 128 , 1 , 14
1 , 126 , 0 , 11
1 , 181 , 0 , 5
1 , 108 , 0 , 8
5 , 183 , 1 , 16
2 , 129 , 0 , 15
1 , 190 , 0 , 8
1 , 121 , 0 , 5
0 , 110 , 1 , 21
1 , 134 , 0 , 11
1 , 262 , 0 , 5
1 , 69 , 0 , 7
1 , 81 , 0 , 12
1 , 85 , 0 , 11
2 , 66 , 1 , 2
1 , 76 , 0 , 21
1 , 76 , 0 , 13
1 , 82 , 0 , 2
1 , 83 , 0 , 19
1 , 90 , 0 , 16
1 , 86 , 0 , 7
1 , 90 , 0 , 15
0 , 94 , 0 , 5
1 , 94 , 0 , 18
1 , 98 , 0 , 9
1 , 93 , 0 , 15
0 , 89 , 0 , 2
1 , 94 , 1 , 10
1 , 93 , 0 , 13
1 , 102 , 1 , 5
0 , 199 , 1 , 4
1 , 146 , 1 , 9
1 , 136 , 0 , 14
1 , 143 , 0 , 10
2 , 145 , 0 , 14
1 , 152 , 1 , 8
0 , 145 , 0 , 12
1 , 165 , 0 , 5
1 , 145 , 0 , 1
1 , 154 , 0 , 15
1 , 145 , 0 , 10
1 , 167 , 0 , 8
1 , 152 , 1 , 17
1 , 142 , 0 , 10
1 , 180 , 0 , 17
0 , 151 , 0 , 3
1 , 170 , 0 , 14
2 , 164 , 0 , 8
1 , 2018 , 0 , 3
0 , 90 , 0 , 14
0 , 99 , 0 , 11
1 , 120 , 0 , 10
0 , 120 , 1 , 14
0 , 92 , 1 , 17
0 , 95 , 0 , 10
6 , 112 , 0 , 17
0 , 112 , 0 , 5
1 , 96 , 0 , 7
0 , 114 , 0 , 15
1 , 92 , 0 , 14
1 , 99 , 0 , 1
0 , 99 , 0 , 2
1 , 116 , 0 , 5
1 , 105 , 0 , 16
0 , 135 , 1 , 8
0 , 110 , 0 , 5
1 , 106 , 0 , 15
1 , 115 , 0 , 8
1 , 111 , 0 , 15
0 , 112 , 0 , 1
1 , 123 , 0 , 5
1 , 124 , 0 , 10
1 , 138 , 0 , 5
1 , 121 , 0 , 17
1 , 118 , 1 , 9
1 , 114 , 0 , 9
1 , 118 , 0 , 15
1 , 124 , 1 , 7
2 , 123 , 0 , 9
0 , 127 , 0 , 9
1 , 119 , 0 , 14
1 , 134 , 0 , 2
0 , 143 , 0 , 5
1 , 122 , 0 , 10
2 , 128 , 0 , 13
1 , 128 , 0 , 8
2 , 153 , 0 , 12
2 , 110 , 0 , 0
0 , 115 , 0 , 10
1 , 116 , 0 , 9
0 , 112 , 0 , 11
1 , 127 , 0 , 5
1 , 116 , 0 , 13
2 , 112 , 0 , 4
2 , 123 , 0 , 22
2 , 122 , 0 , 5
2 , 120 , 1 , 3
1 , 135 , 0 , 7
1 , 142 , 0 , 10
0 , 120 , 0 , 7
1 , 178 , 0 , 10
1 , 126 , 0 , 11
1 , 124 , 0 , 7
0 , 135 , 0 , 16
1 , 127 , 0 , 12
1 , 130 , 0 , 3
1 , 174 , 0 , 12
3 , 354 , 0 , 14
1 , 239 , 0 , 10
3 , 143 , 0 , 3
1 , 213 , 1 , 17
0 , 439 , 0 , 15
1 , 140 , 0 , 3
1 , 241 , 0 , 10
2 , 210 , 0 , 5
0 , 142 , 0 , 1
1 , 232 , 0 , 14
1 , 242 , 0 , 5
1 , 193 , 0 , 6
3 , 309 , 0 , 7
1 , 457 , 0 , 13
2 , 547 , 0 , 8
1 , 271 , 0 , 2
0 , 128 , 0 , 13
1 , 239 , 1 , 9
1 , 131 , 0 , 9
1 , 148 , 0 , 7
0 , 179 , 0 , 7
1 , 144 , 0 , 10
1 , 146 , 0 , 6
1 , 145 , 0 , 4
1 , 143 , 0 , 3
0 , 145 , 0 , 13
0 , 142 , 0 , 10
1 , 151 , 0 , 8
0 , 154 , 1 , 14
0 , 137 , 0 , 5
1 , 144 , 0 , 4
1 , 144 , 0 , 7
1 , 144 , 0 , 14
1 , 146 , 0 , 5
1 , 139 , 0 , 4
1 , 158 , 0 , 16
1 , 185 , 1 , 7
1 , 211 , 0 , 17
1 , 229 , 1 , 5
1 , 257 , 0 , 2
1 , 294 , 0 , 14
1 , 273 , 0 , 16
0 , 1955 , 0 , 7
1 , 183 , 0 , 12
0 , 232 , 0 , 12
0 , 231 , 0 , 5
1 , 195 , 0 , 1
1 , 159 , 1 , 19
0 , 159 , 0 , 10
1 , 223 , 0 , 7
0 , 205 , 1 , 6
0 , 273 , 0 , 7
0 , 447 , 1 , 21
12 , 311 , 1 , 2
1 , 216 , 0 , 13
0 , 213 , 0 , 16
1 , 202 , 0 , 3
2 , 192 , 0 , 19
2 , 228 , 0 , 6
1 , 165 , 0 , 12
2 , 344 , 1 , 4
0 , 1430 , 0 , 5
1 , 350 , 0 , 11
0 , 431 , 0 , 14
1 , 251 , 0 , 22
1 , 190 , 0 , 4
3 , 183 , 0 , 2
16 , 430 , 0 , 1
1 , 687 , 1 , 2
3 , 567 , 0 , 9
1 , 191 , 0 , 18
1 , 201 , 0 , 17
1 , 233 , 0 , 14
0 , 1451 , 0 , 15
1 , 575 , 1 , 11
12 , 1172 , 0 , 15
1 , 1364 , 0 , 16
0 , 622 , 0 , 3
3 , 421 , 0 , 4
4 , 978 , 1 , 14
1 , 1115 , 1 , 3
0 , 799 , 1 , 16
0 , 367 , 0 , 10
0 , 336 , 0 , 0
1 , 286 , 0 , 11
1 , 322 , 0 , 13
1 , 245 , 0 , 12
0 , 221 , 0 , 12
1 , 194 , 0 , 11
1 , 277 , 0 , 2
1 , 256 , 1 , 1
0 , 192 , 0 , 7
1 , 182 , 0 , 18
1 , 182 , 0 , 10
1 , 185 , 0 , 19
1 , 188 , 1 , 6
1 , 204 , 0 , 3
1 , 183 , 0 , 11
1 , 190 , 0 , 13
1 , 186 , 0 , 7
1 , 191 , 0 , 11
0 , 183 , 0 , 1
1 , 191 , 0 , 1
1 , 183 , 0 , 1
1 , 185 , 0 , 5
1 , 200 , 0 , 16
1 , 278 , 1 , 15
1 , 226 , 1 , 17
1 , 216 , 0 , 9
1 , 249 , 0 , 4
1 , 2432 , 1 , 2
27 , 1362 , 0 , 3
1 , 585 , 0 , 5
0 , 550 , 0 , 19
1 , 1303 , 0 , 11
1 , 1108 , 0 , 19
1 , 301 , 0 , 11
1 , 295 , 0 , 12
1 , 311 , 0 , 20
0 , 360 , 0 , 1
1 , 420 , 1 , 9
1 , 245 , 1 , 10
2 , 208 , 0 , 14
0 , 199 , 1 , 7
1 , 211 , 0 , 13
1 , 202 , 0 , 5
0 , 192 , 1 , 2
1 , 205 , 0 , 8
0 , 205 , 0 , 18
1 , 192 , 0 , 10
0 , 223 , 0 , 13
0 , 229 , 0 , 6
1 , 198 , 0 , 1
1 , 197 , 0 , 3
0 , 224 , 0 , 2
0 , 201 , 0 , 13
1 , 200 , 0 , 9
0 , 200 , 1 , 22
0 , 247 , 0 , 15
1 , 248 , 0 , 14
0 , 245 , 0 , 17
1 , 201 , 0 , 2
1 , 281 , 0 , 2
1 , 223 , 0 , 2
1 , 215 , 0 , 5
0 , 243 , 0 , 9
1 , 264 , 0 , 14
1 , 248 , 0 , 9
0 , 258 , 1 , 13
1 , 229 , 0 , 12
1 , 210 , 0 , 8
1 , 207 , 0 , 0
0 , 215 , 0 , 5
1 , 241 , 0 , 6
1 , 220 , 0 , 14
1 , 216 , 0 , 13
1 , 224 , 0 , 8
1 , 797 , 0 , 16
0 , 224 , 0 , 8
0 , 253 , 0 , 2
1 , 235 , 0 , 9
1 , 294 , 0 , 11
1 , 227 , 0 , 15
0 , 232 , 0 , 11
1 , 243 , 0 , 20
1 , 328 , 0 , 12
0 , 318 , 0 , 14
0 , 274 , 0 , 5
1 , 229 , 0 , 1
0 , 796 , 0 , 2
1 , 1410 , 0 , 0
1 , 480 , 0 , 0
2 , 369 , 0 , 0
1 , 349 , 0 , 14
0 , 387 , 0 , 11
1 , 722 , 0 , 17
1 , 723 , 1 , 8
1 , 782 , 0 , 19
1 , 547 , 0 , 15
1 , 454 , 1 , 6
1 , 617 , 0 , 1
1 , 367 , 0 , 2
1 , 301 , 0 , 2
1 , 342 , 0 , 5
1 , 747 , 1 , 14
1 , 557 , 0 , 14
7 , 562 , 1 , 20
2 , 466 , 0 , 19
1 , 553 , 0 , 18
1 , 405 , 1 , 12
1 , 352 , 0 , 8
1 , 362 , 0 , 2
1 , 373 , 0 , 1
1 , 418 , 0 , 3
1 , 398 , 0 , 1
1 , 11956 , 1 , 14
0 , 242 , 0 , 19
1 , 233 , 0 , 10
0 , 232 , 0 , 8
0 , 236 , 0 , 17
1 , 327 , 0 , 15
1 , 295 , 1 , 13
1 , 313 , 0 , 0
2 , 296 , 0 , 0
1 , 523 , 1 , 3
0 , 825 , 2 , 12
1 , 754 , 0 , 34
1 , 710 , 0 , 10
1 , 999 , 1 , 13
1 , 2860 , 1 , 8
7 , 1705 , 0 , 7
2 , 1742 , 0 , 7
0 , 903 , 0 , 3
2 , 1427 , 1 , 3
4 , 1423 , 0 , 4
7 , 1154 , 1 , 10
1 , 1477 , 0 , 13
3 , 1007 , 1 , 25
1 , 338 , 0 , 18
0 , 1087 , 0 , 13
1 , 694 , 0 , 11
1 , 1263 , 0 , 1
10 , 430 , 0 , 1
1 , 327 , 0 , 1
0 , 339 , 1 , 19
1 , 300 , 1 , 12
0 , 402 , 0 , 8
0 , 323 , 0 , 22
1 , 571 , 0 , 19
2 , 712 , 0 , 10
2 , 1971 , 1 , 12
9 , 1350 , 0 , 7
2 , 1882 , 0 , 4
2 , 1330 , 0 , 0
1 , 737 , 0 , 1
2 , 805 , 1 , 4
1 , 795 , 0 , 10
1 , 751 , 0 , 8
1 , 2157 , 1 , 11
8 , 513 , 0 , 16
2 , 519 , 1 , 13
1 , 584 , 2 , 8
1 , 705 , 0 , 1
1 , 505 , 0 , 3
0 , 420 , 0 , 16
1 , 383 , 0 , 17
0 , 314 , 0 , 9
1 , 278 , 0 , 10
1 , 279 , 0 , 19
0 , 279 , 0 , 13
0 , 279 , 0 , 10
0 , 274 , 0 , 2
0 , 271 , 1 , 9
0 , 255 , 1 , 8
0 , 252 , 0 , 8
0 , 290 , 0 , 13
0 , 317 , 0 , 4
1 , 306 , 0 , 7
1 , 492 , 2 , 15
5 , 2729 , 0 , 23
3 , 526 , 0 , 13
1 , 697 , 0 , 17
1 , 1792 , 0 , 8
6 , 3078 , 0 , 0
0 , 689 , 0 , 1
0 , 731 , 0 , 5
1 , 1716 , 0 , 13
0 , 817 , 0 , 14
0 , 414 , 0 , 14
1 , 937 , 1 , 14
1 , 1018 , 1 , 11
1 , 849 , 0 , 1
8 , 370 , 0 , 2
1 , 412 , 0 , 0
1 , 440 , 0 , 8
4 , 371 , 0 , 13
1 , 373 , 1 , 20
1 , 298 , 0 , 17
0 , 383 , 1 , 12
0 , 695 , 0 , 3
2 , 708 , 0 , 9
2 , 1021 , 0 , 16
4 , 1885 , 0 , 24
1 , 1710 , 1 , 8
20 , 1188 , 0 , 12
8 , 1761 , 0 , 3
1 , 1622 , 2 , 5
1 , 4827 , 0 , 11
1 , 947 , 0 , 11
2 , 962 , 0 , 19
1 , 686 , 0 , 16
1 , 626 , 0 , 5
1 , 1259 , 5 , 0
1 , 1580 , 2 , 2
4 , 1408 , 1 , 11
1 , 690 , 0 , 26
1 , 529 , 0 , 15
1 , 577 , 0 , 17
1 , 759 , 0 , 6
13 , 559 , 0 , 0
0 , 514 , 1 , 5
2 , 671 , 0 , 5
5 , 547 , 0 , 13
1 , 664 , 0 , 21
6 , 847 , 0 , 18
0 , 596 , 0 , 11
0 , 638 , 0 , 1
1 , 588 , 0 , 9
1 , 763 , 0 , 11
1 , 413 , 0 , 26
5 , 336 , 0 , 12
1 , 389 , 0 , 15
1 , 337 , 0 , 11
1 , 330 , 0 , 2
1 , 349 , 0 , 1
1 , 342 , 0 , 6
1 , 449 , 0 , 10
1 , 383 , 0 , 9
1 , 401 , 0 , 18
1 , 403 , 0 , 13
1 , 384 , 0 , 12
1 , 369 , 0 , 14
1 , 395 , 0 , 18
1 , 399 , 0 , 5
1 , 602 , 0 , 2
0 , 351 , 0 , 2
1 , 332 , 0 , 8
1 , 341 , 1 , 9
1 , 732 , 1 , 13
0 , 883 , 0 , 22
0 , 1132 , 0 , 19
1 , 636 , 1 , 11
1 , 551 , 0 , 12
0 , 471 , 1 , 17
2 , 1519 , 1 , 16
0 , 375 , 1 , 19
0 , 447 , 0 , 5
3 , 331 , 0 , 3
1 , 421 , 1 , 14
3 , 474 , 0 , 14
1 , 398 , 0 , 14
0 , 505 , 1 , 6
1 , 318 , 0 , 2
0 , 3080 , 0 , 15
1 , 498 , 0 , 12
2 , 672 , 0 , 10
0 , 438 , 0 , 20
0 , 909 , 0 , 15
0 , 790 , 0 , 15
0 , 967 , 0 , 3
1 , 462 , 0 , 6
1 , 397 , 0 , 2
1 , 406 , 0 , 8
1 , 378 , 0 , 16
1 , 370 , 0 , 18
0 , 645 , 0 , 6
1 , 334 , 1 , 13
0 , 331 , 1 , 15
0 , 325 , 0 , 13
1 , 394 , 0 , 15
2 , 395 , 0 , 5
1 , 348 , 0 , 2
0 , 414 , 0 , 3
0 , 549 , 0 , 11
0 , 518 , 0 , 12
3 , 423 , 0 , 16
1 , 372 , 0 , 16
18 , 405 , 0 , 10
1 , 35390 , 0 , 1
2 , 1027 , 0 , 10
1 , 931 , 0 , 17
1 , 976 , 1 , 11
1 , 1152 , 0 , 7
1 , 978 , 0 , 2
1 , 766 , 0 , 4
1 , 837 , 0 , 10
1 , 585 , 0 , 23
1 , 514 , 0 , 15
7 , 541 , 0 , 19
1 , 511 , 0 , 13
0 , 502 , 0 , 3
6 , 546 , 0 , 11
1 , 4234 , 1 , 13
4 , 827 , 1 , 24
1 , 693 , 0 , 9
2 , 748 , 0 , 1
1 , 789 , 0 , 0
1 , 524 , 0 , 13
1 , 1159 , 0 , 12
2 , 1257 , 0 , 8
1 , 828 , 1 , 10
1 , 1032 , 0 , 10
1 , 1088 , 0 , 11
2 , 1626 , 0 , 8
1 , 1095 , 0 , 8
1 , 893 , 1 , 13
1 , 1078 , 1 , 2
2 , 1775 , 1 , 0
3 , 2257 , 0 , 0
1 , 3909 , 1 , 5
2 , 2377 , 0 , 10
1 , 2160 , 0 , 9
1 , 1769 , 0 , 16
1 , 1493 , 1 , 13
2 , 975 , 0 , 17
2 , 1095 , 0 , 20
1 , 1780 , 1 , 10
7 , 2869 , 0 , 0
3 , 3453 , 0 , 4
1 , 985 , 0 , 10
1 , 877 , 0 , 20
1 , 938 , 0 , 8
2 , 860 , 0 , 6
1 , 972 , 0 , 11
1 , 6924 , 0 , 4
2 , 1009 , 1 , 10
12 , 875 , 0 , 12
2 , 927 , 0 , 14
0 , 788 , 0 , 11
1 , 928 , 1 , 18
0 , 1749 , 0 , 11
1 , 883 , 0 , 1
1 , 774 , 1 , 0
0 , 1051 , 0 , 5
1 , 1038 , 8 , 10
8 , 1195 , 0 , 17
0 , 1162 , 0 , 12
1 , 1669 , 0 , 24
0 , 1019 , 0 , 7
1 , 796 , 0 , 4
1 , 1295 , 0 , 19
1 , 1163 , 0 , 15
1 , 788 , 0 , 8
2 , 836 , 0 , 12
2 , 900 , 1 , 2
1 , 795 , 1 , 3
4 , 964 , 1 , 15
1 , 943 , 0 , 13
6 , 1109 , 0 , 15
5 , 1005 , 0 , 9
3 , 910 , 0 , 7
2 , 1452 , 0 , 1
2 , 1398 , 0 , 11
4 , 1731 , 0 , 12
2 , 1896 , 0 , 15
1 , 1429 , 1 , 18
2 , 2079 , 0 , 19
1 , 1362 , 0 , 8
2 , 1444 , 1 , 4
2 , 1561 , 0 , 3
3 , 1733 , 1 , 11
1 , 1494 , 1 , 16
1 , 1867 , 0 , 5
1 , 2901 , 1 , 13
1 , 1772 , 0 , 17
13 , 2060 , 0 , 22
3 , 1872 , 0 , 16
2 , 1641 , 0 , 13
0 , 23888 , 0 , 7
2 , 1467 , 0 , 3
1 , 1353 , 1 , 0
1 , 1663 , 0 , 2
0 , 1874 , 0 , 3
1 , 1411 , 0 , 10
2 , 4293 , 0 , 10
1 , 1415 , 0 , 15
1 , 1247 , 0 , 13
1 , 1471 , 0 , 11
1 , 1297 , 0 , 9
2 , 1357 , 4 , 14
0 , 1394 , 0 , 9
1 , 2104 , 1 , 20
1 , 1414 , 0 , 12
1 , 1516 , 0 , 6
0 , 1087 , 0 , 3
8 , 824 , 0 , 8
1 , 888 , 0 , 11
1 , 932 , 0 , 14
1 , 1057 , 1 , 3
0 , 1085 , 0 , 23
6 , 995 , 1 , 12
5 , 1342 , 0 , 5
1 , 1253 , 0 , 14
1 , 1064 , 1 , 13
1 , 1007 , 0 , 1
2 , 1008 , 1 , 6
1 , 989 , 0 , 16
2 , 3679 , 4 , 12
10 , 1315 , 0 , 19
0 , 2086 , 0 , 7
2 , 1459 , 0 , 15
1 , 1238 , 0 , 13
1 , 1301 , 0 , 21
1 , 1002 , 1 , 15
8 , 1410 , 0 , 14
0 , 784 , 0 , 3
2 , 785 , 0 , 1
6 , 940 , 0 , 19
1 , 1160 , 0 , 17
1 , 6954 , 0 , 15
2 , 2821 , 0 , 12
1 , 1499 , 0 , 8
1 , 1306 , 1 , 6
0 , 1350 , 0 , 15
0 , 1863 , 0 , 15
0 , 749 , 0 , 1
1 , 661 , 1 , 7
0 , 725 , 1 , 15
0 , 692 , 0 , 7
1 , 827 , 1 , 13
1 , 804 , 0 , 14
0 , 693 , 0 , 5
1 , 12497 , 0 , 16
1 , 1492 , 0 , 18
1 , 1726 , 0 , 3
0 , 1484 , 1 , 3
2 , 4082 , 0 , 20
1 , 3333 , 0 , 24
1 , 3547 , 1 , 19
1 , 1339 , 0 , 4
1 , 2898 , 3 , 8
3 , 3406 , 0 , 14
1 , 2942 , 2 , 10
3 , 2600 , 0 , 5
1 , 1755 , 1 , 7
4 , 2452 , 0 , 18
1 , 1230 , 0 , 15
1 , 1264 , 0 , 18
3 , 1960 , 0 , 7
1 , 1071 , 0 , 2
1 , 1135 , 2 , 4
2 , 1222 , 1 , 3
1 , 1271 , 0 , 15
1 , 1571 , 0 , 17
7 , 1252 , 0 , 5
1 , 1346 , 0 , 18
1 , 1174 , 1 , 17
1 , 1394 , 0 , 2
2 , 1256 , 0 , 2
2 , 1789 , 0 , 15
1 , 1525 , 1 , 19
9 , 1612 , 0 , 1
1 , 1530 , 0 , 17
2 , 1625 , 0 , 0
1 , 1730 , 3 , 8
2 , 1986 , 0 , 10
3 , 2837 , 0 , 13
0 , 3341 , 1 , 1
1 , 7062 , 1 , 1
2 , 3323 , 0 , 19
1 , 1546 , 0 , 16
1 , 1498 , 1 , 12
1 , 1504 , 1 , 13
3 , 1401 , 0 , 1
1 , 1147 , 1 , 11
0 , 1677 , 0 , 11
6 , 1603 , 1 , 12
1 , 1732 , 0 , 10
1 , 1591 , 0 , 1
1 , 1783 , 1 , 4
1 , 1883 , 1 , 17
4 , 1944 , 0 , 12
1 , 11166 , 1 , 11
2 , 1550 , 0 , 18
1 , 1436 , 0 , 6
2 , 2031 , 0 , 2
1 , 1301 , 1 , 2
2 , 1495 , 1 , 16
1 , 1549 , 1 , 15
1 , 1528 , 0 , 13
1 , 1159 , 0 , 12
5 , 1160 , 0 , 1
1 , 1129 , 0 , 0
1 , 837 , 0 , 4
1 , 862 , 1 , 12
1 , 792 , 0 , 15
3 , 800 , 0 , 6
1 , 806 , 0 , 2
1 , 858 , 0 , 22
1 , 789 , 1 , 12
1 , 804 , 0 , 10
1 , 831 , 0 , 1
1 , 780 , 0 , 1
2 , 779 , 0 , 0
1 , 803 , 0 , 23
2 , 817 , 0 , 15
4 , 2044 , 0 , 17
1 , 835 , 0 , 13
1 , 781 , 0 , 10
1 , 809 , 0 , 10
0 , 818 , 0 , 12
2 , 881 , 0 , 13
1 , 811 , 1 , 2
1 , 832 , 0 , 5
2 , 906 , 0 , 15
1 , 893 , 0 , 9
1 , 860 , 1 , 21
0 , 847 , 0 , 6
1 , 764 , 0 , 12
1 , 780 , 0 , 1
0 , 731 , 0 , 2
1 , 846 , 0 , 15
1 , 836 , 0 , 12
1 , 843 , 1 , 9
1 , 915 , 0 , 14
0 , 855 , 0 , 2
1 , 846 , 0 , 10
0 , 2011 , 1 , 16
1 , 1640 , 1 , 16
1 , 878 , 1 , 7
0 , 854 , 0 , 0
1 , 805 , 0 , 7
1 , 764 , 1 , 21
1 , 2661 , 0 , 8
1 , 1435 , 0 , 5
1 , 751 , 0 , 14
1 , 738 , 0 , 16
0 , 767 , 0 , 17
1 , 693 , 0 , 16
0 , 698 , 0 , 2
1 , 677 , 1 , 3
2 , 649 , 0 , 0
1 , 679 , 0 , 3
2 , 13530 , 0 , 17
1 , 757 , 0 , 19
1 , 865 , 1 , 9
0 , 1098 , 0 , 3
1 , 734 , 0 , 6
0 , 747 , 1 , 16
1 , 789 , 0 , 10
0 , 832 , 0 , 12
0 , 896 , 0 , 4
0 , 842 , 0 , 21
0 , 826 , 0 , 6
0 , 813 , 0 , 12
1 , 870 , 0 , 17
1 , 840 , 0 , 6
1 , 2555 , 1 , 0
2 , 1573 , 0 , 13
0 , 1112 , 0 , 20
0 , 892 , 0 , 3
1 , 821 , 0 , 3
1 , 876 , 1 , 18
0 , 881 , 1 , 9
1 , 848 , 1 , 1
0 , 872 , 0 , 23
1 , 992 , 1 , 16
2 , 1292 , 0 , 16
0 , 905 , 0 , 16
1 , 793 , 0 , 2
4 , 785 , 0 , 0
1 , 825 , 0 , 2
1 , 824 , 1 , 17
1 , 862 , 1 , 25
0 , 867 , 0 , 12
1 , 867 , 0 , 1
1 , 2028 , 1 , 3
3 , 1697 , 0 , 15
1 , 822 , 0 , 14
0 , 850 , 0 , 11
1 , 811 , 1 , 2
1 , 825 , 0 , 0
1 , 889 , 0 , 15
1 , 1031 , 1 , 16
0 , 905 , 0 , 4
0 , 980 , 0 , 14
2 , 898 , 1 , 14
1 , 867 , 0 , 11
0 , 907 , 0 , 12
1 , 1107 , 0 , 1
0 , 1484 , 0 , 2
1 , 1276 , 0 , 7
2 , 1445 , 1 , 19
0 , 1548 , 0 , 10
1 , 1198 , 0 , 12
0 , 1350 , 1 , 5
1 , 1288 , 0 , 4
0 , 1350 , 1 , 16
0 , 1348 , 1 , 6
2 , 1414 , 1 , 17
0 , 8847 , 0 , 10
2 , 951 , 0 , 3
0 , 881 , 0 , 4
1 , 972 , 1 , 21
1 , 23503 , 3 , 8
2 , 1413 , 0 , 12
1 , 1487 , 0 , 10
1 , 1487 , 0 , 7
3 , 1225 , 0 , 3
1 , 1543 , 0 , 12
4 , 1279 , 0 , 14
1 , 1141 , 0 , 15
1 , 1381 , 1 , 4
0 , 1125 , 1 , 1
1 , 6082 , 0 , 11
2 , 2074 , 2 , 23
1 , 1594 , 0 , 9
1 , 1602 , 0 , 7
1 , 1733 , 0 , 3
1 , 1637 , 0 , 4
3 , 2049 , 1 , 15
1 , 1645 , 0 , 3
1 , 1828 , 0 , 14
2 , 1550 , 0 , 13
0 , 1645 , 0 , 6
1 , 2338 , 2 , 0
1 , 2372 , 1 , 3
1 , 1551 , 0 , 19
2 , 1692 , 2 , 7
2 , 1726 , 1 , 17
1 , 1616 , 0 , 2
2 , 1470 , 0 , 18
1 , 1404 , 0 , 12
1 , 1197 , 0 , 6
1 , 901 , 0 , 12
1 , 835 , 0 , 13
2 , 876 , 0 , 13
0 , 1131 , 1 , 9
1 , 807 , 0 , 1
1 , 1138 , 0 , 0
0 , 980 , 0 , 10
1 , 50273 , 0 , 21
2 , 1535 , 0 , 0
1 , 1665 , 0 , 15
1 , 2202 , 1 , 5
1 , 2653 , 1 , 10
30 , 3905 , 1 , 9
2 , 1307 , 1 , 0
1 , 1523 , 1 , 2
0 , 1446 , 0 , 15
2 , 1598 , 0 , 8
1 , 1367 , 0 , 22
1 , 1455 , 0 , 10
1 , 1505 , 0 , 13
1 , 1202 , 0 , 1
1 , 1368 , 2 , 0
1 , 1520 , 1 , 16
8 , 1487 , 0 , 7
1 , 1446 , 1 , 13
1 , 2003 , 0 , 9
2 , 1680 , 0 , 1
2 , 1882 , 0 , 8
2 , 1726 , 2 , 10
1 , 2129 , 0 , 7
1 , 1937 , 1 , 4
2 , 1895 , 0 , 11
1 , 1896 , 0 , 13
1 , 1665 , 0 , 0
1 , 2183 , 1 , 2
5 , 4206 , 0 , 17
1 , 2841 , 1 , 6
1 , 2773 , 1 , 8
1 , 2970 , 1 , 9
1 , 2090 , 1 , 2
3 , 2378 , 1 , 15
4 , 4064 , 0 , 8
2 , 2198 , 0 , 3
1 , 2255 , 0 , 11
1 , 2748 , 1 , 15
4 , 3083 , 0 , 6
3 , 2175 , 1 , 13
1 , 2388 , 0 , 12
1 , 2328 , 1 , 9
0 , 3394 , 0 , 2
23 , 1788 , 1 , 1
1 , 3143 , 1 , 3
1 , 2902 , 1 , 17
4 , 2492 , 1 , 17
2 , 2351 , 0 , 13
0 , 2627 , 0 , 5
1 , 2110 , 1 , 1
2 , 1851 , 0 , 15
2 , 5552 , 1 , 5
2 , 27209 , 2 , 4
3 , 2211 , 0 , 14
4 , 1971 , 1 , 9
1 , 1642 , 1 , 1
1 , 2729 , 0 , 0
1 , 9987 , 3 , 2
3 , 11435 , 0 , 25
2 , 6306 , 0 , 11
2 , 2921 , 1 , 9
1 , 5501 , 0 , 3
3 , 6360 , 1 , 14
1 , 8463 , 6 , 5
12 , 6942 , 0 , 9
8 , 4886 , 0 , 13
3 , 5698 , 0 , 10
6 , 2001 , 0 , 13
1 , 1902 , 1 , 0
2 , 2097 , 0 , 8
3 , 2012 , 0 , 18
1 , 1649 , 0 , 3
1 , 2983 , 0 , 12
1 , 1872 , 0 , 4
1 , 2084 , 0 , 16
1 , 2153 , 2 , 11
1 , 1726 , 1 , 0
1 , 2211 , 1 , 2
1 , 1908 , 0 , 21
2 , 2332 , 2 , 14
2 , 2040 , 0 , 6
2 , 1943 , 0 , 12
3 , 2244 , 1 , 12
1 , 2203 , 0 , 11
1 , 2036 , 2 , 3
1 , 1925 , 0 , 0
1 , 2165 , 1 , 4
3 , 3448 , 1 , 23
2 , 1953 , 1 , 16
1 , 2284 , 0 , 3
2 , 2378 , 0 , 12
1 , 2272 , 0 , 3
1 , 2298 , 1 , 14
1 , 2567 , 0 , 6
1 , 4383 , 1 , 2
1 , 2057 , 0 , 19
6 , 2295 , 0 , 10
1 , 2089 , 1 , 9
1 , 3643 , 1 , 6
1 , 2048 , 0 , 1
0 , 1829 , 0 , 16
1 , 1818 , 0 , 14
2 , 2116 , 1 , 10
1 , 2200 , 0 , 17
1 , 2218 , 0 , 11
1 , 2109 , 0 , 3
2 , 2123 , 0 , 1
5 , 2222 , 0 , 18
3 , 2179 , 1 , 11
3 , 2049 , 0 , 2
1 , 2543 , 0 , 9
2 , 2450 , 0 , 10
1 , 3066 , 1 , 13
1 , 2899 , 2 , 4
1 , 1580 , 1 , 0
1 , 899 , 0 , 4
1 , 1012 , 0 , 19
1 , 985 , 0 , 10
1 , 946 , 0 , 6
1 , 946 , 0 , 23
1 , 1059 , 0 , 4
4 , 985 , 1 , 6
0 , 26489 , 0 , 0
3 , 2380 , 0 , 19
1 , 2024 , 0 , 16
2 , 2307 , 1 , 13
2 , 2609 , 1 , 2
0 , 2768 , 0 , 3
6 , 2841 , 1 , 15
1 , 2526 , 0 , 12
1 , 1943 , 0 , 2
1 , 2133 , 0 , 15
2 , 2969 , 0 , 8
5 , 1974 , 0 , 9
2 , 2279 , 1 , 18
1 , 1757 , 0 , 17
1 , 1841 , 0 , 16
2 , 1754 , 1 , 1
2 , 2136 , 0 , 4
2 , 1700 , 0 , 2
2 , 1837 , 0 , 24
1 , 2524 , 0 , 19
1 , 1905 , 0 , 5
2 , 1886 , 0 , 13
1 , 1960 , 0 , 14
1 , 3832 , 1 , 12
1 , 1650 , 0 , 8
1 , 2107 , 0 , 5
1 , 2387 , 0 , 17
3 , 2157 , 2 , 5
1 , 1789 , 0 , 2
2 , 2585 , 0 , 12
1 , 2186 , 1 , 13
1 , 8751 , 4 , 9
24 , 3070 , 1 , 8
9 , 2512 , 0 , 11
3 , 2246 , 0 , 8
3 , 2234 , 1 , 5
1 , 2667 , 0 , 2
2 , 2716 , 0 , 20
1 , 2180 , 0 , 17
1 , 2990 , 0 , 9
1 , 2114 , 0 , 8
4 , 1654 , 0 , 4
1 , 1703 , 1 , 0
2 , 5169 , 0 , 16
3 , 3747 , 1 , 5
1 , 2074 , 1 , 18
1 , 2118 , 1 , 14
1 , 1976 , 1 , 2
0 , 9308 , 1 , 15
2 , 3152 , 0 , 10
1 , 3128 , 1 , 3
1 , 8031 , 0 , 1
1 , 4993 , 0 , 13
1 , 3696 , 11 , 13
3 , 4841 , 0 , 5
5 , 2293 , 0 , 10
1 , 7114 , 0 , 7
1 , 3064 , 0 , 5
0 , 3631 , 1 , 11
6 , 2144 , 0 , 1
1 , 1934 , 0 , 0
15 , 2368 , 0 , 11
3 , 2707 , 1 , 14
1 , 2786 , 1 , 6
3 , 2545 , 0 , 5
1 , 2409 , 2 , 2
3 , 23885 , 0 , 5
2 , 2195 , 1 , 17
1 , 2204 , 1 , 14
3 , 2161 , 1 , 2
3 , 2272 , 0 , 11
4 , 2548 , 0 , 13
1 , 2362 , 1 , 3
1 , 2555 , 2 , 2
1 , 4519 , 0 , 4
3 , 2150 , 1 , 21
1 , 2359 , 0 , 17
4 , 2450 , 0 , 11
3 , 2161 , 0 , 0
1 , 2336 , 0 , 15
3 , 2350 , 0 , 13
1 , 2414 , 1 , 1
1 , 2138 , 0 , 1
1 , 2047 , 2 , 9
1 , 2356 , 1 , 12
1 , 2696 , 1 , 6
2 , 7076 , 7 , 8
2 , 3755 , 0 , 12
3 , 2867 , 0 , 8
2 , 7018 , 1 , 18
2 , 3486 , 0 , 10
2 , 2600 , 1 , 2
2 , 1986 , 0 , 1
1 , 4615 , 0 , 10
1 , 3088 , 0 , 22
1 , 2694 , 1 , 11
3 , 3615 , 0 , 12
1 , 2714 , 0 , 9
4 , 2642 , 1 , 3
1 , 2547 , 1 , 0
1 , 13088 , 1 , 14
2 , 6897 , 0 , 16
2 , 3553 , 0 , 13
1 , 4738 , 0 , 3
1 , 5366 , 0 , 3
2 , 3093 , 0 , 13
1 , 3087 , 0 , 11
3 , 3906 , 0 , 1
1 , 4562 , 1 , 15
1 , 8610 , 1 , 6
1 , 6905 , 1 , 0
5 , 4877 , 3 , 14
9 , 9113 , 1 , 17
6 , 4174 , 0 , 0
2 , 4918 , 0 , 1
2 , 4557 , 3 , 4
3 , 5481 , 1 , 17
1 , 2798 , 0 , 1
1 , 3296 , 1 , 13
2 , 1937 , 1 , 1
1 , 2347 , 0 , 21
1 , 2135 , 1 , 14
1 , 3153 , 0 , 13
1 , 2644 , 3 , 4
1 , 2979 , 0 , 3
1 , 2388 , 1 , 6
3 , 2514 , 0 , 27
1 , 2219 , 0 , 15
1 , 2115 , 0 , 2
1 , 4562 , 1 , 6
1 , 14209 , 0 , 10
1 , 1807 , 0 , 12
3 , 2025 , 0 , 6
1 , 2397 , 0 , 5
1 , 1447 , 0 , 0
0 , 1513 , 0 , 2
1 , 2437 , 1 , 19
0 , 3615 , 0 , 10
2 , 2538 , 0 , 13
1 , 2403 , 1 , 2
4 , 5995 , 0 , 2
3 , 122657 , 1 , 21
2 , 3605 , 0 , 5
1 , 3692 , 1 , 12
2 , 2777 , 0 , 2
2 , 2734 , 0 , 2
1 , 2790 , 0 , 14
1 , 3105 , 0 , 15
2 , 2476 , 0 , 0
2 , 3189 , 1 , 10
1 , 7059 , 0 , 5
2 , 2613 , 0 , 9
2 , 3721 , 2 , 7
2 , 2953 , 2 , 9
1 , 2881 , 0 , 10
1 , 3890 , 0 , 4
1 , 2803 , 0 , 12
1 , 2721 , 0 , 1
1 , 3343 , 0 , 20
2 , 8890 , 24 , 5
4 , 16761 , 0 , 16
2 , 4263 , 0 , 3
1 , 3662 , 0 , 18
1 , 3297 , 0 , 4
5 , 2897 , 0 , 12
5 , 3566 , 1 , 8
2 , 5319 , 0 , 2
1 , 8224 , 2 , 12
2 , 4165 , 0 , 1
2 , 3523 , 1 , 14
1 , 4056 , 0 , 2
1 , 3728 , 0 , 19
3 , 3075 , 2 , 8
2 , 4789 , 1 , 15
25 , 3160 , 1 , 1
1 , 3009 , 0 , 1
3 , 3930 , 0 , 2
2 , 3294 , 1 , 22
1 , 3146 , 0 , 2
1 , 3175 , 0 , 16
3 , 3802 , 0 , 8
4 , 3938 , 2 , 4
1 , 5252 , 0 , 19
2 , 4688 , 0 , 5
1 , 3080 , 1 , 14
2 , 2732 , 1 , 13
2 , 4030 , 0 , 0
3 , 3632 , 0 , 3
1 , 3717 , 1 , 26
3 , 3726 , 0 , 14
1 , 3523 , 2 , 10
1 , 2536 , 0 , 0
1 , 2937 , 0 , 0
3 , 2812 , 1 , 2
1 , 2938 , 0 , 21
1 , 3387 , 0 , 15
2 , 3685 , 0 , 4
2 , 2887 , 1 , 1
2 , 3062 , 1 , 20
3 , 4047 , 0 , 9
1 , 3063 , 0 , 6
2 , 4147 , 1 , 0
1 , 2531 , 0 , 10
2 , 2591 , 0 , 4
1 , 2913 , 0 , 14
1 , 2245 , 2 , 3
5 , 2501 , 0 , 0
1 , 2904 , 2 , 13
2 , 2745 , 0 , 10
3 , 3079 , 1 , 5
1 , 3293 , 2 , 10
2 , 3312 , 0 , 6
1 , 21132 , 1 , 10
2 , 4085 , 5 , 1
1 , 2414 , 0 , 16
1 , 3174 , 0 , 4
1 , 2939 , 0 , 1
2 , 2167 , 0 , 21
1 , 2306 , 1 , 11
1 , 2516 , 1 , 4
1 , 3154 , 0 , 15
1 , 2431 , 0 , 11
4 , 2921 , 1 , 4
1 , 2528 , 1 , 15
1 , 2629 , 0 , 16
11 , 2538 , 0 , 2
2 , 5535 , 0 , 2
2 , 2386 , 1 , 14
1 , 2908 , 1 , 9
1 , 3192 , 1 , 9
1 , 2514 , 1 , 10
1 , 2251 , 1 , 6
4 , 2695 , 0 , 6
2 , 2790 , 0 , 13
2 , 4311 , 0 , 0
1 , 2428 , 0 , 3
2 , 6128 , 2 , 10
2 , 4064 , 1 , 8
8 , 3486 , 0 , 6
1 , 2671 , 0 , 12
1 , 2822 , 0 , 7
2 , 3154 , 0 , 13
2 , 2746 , 1 , 5
0 , 2866 , 0 , 0
0 , 2834 , 0 , 16
1 , 2613 , 1 , 6
1 , 3059 , 4 , 12
1 , 2560 , 0 , 14
2 , 2938 , 0 , 6
1 , 2749 , 1 , 8
1 , 2801 , 0 , 11
1 , 3686 , 0 , 2
2 , 2228 , 0 , 0
1 , 4462 , 0 , 12
3 , 2728 , 0 , 10
1 , 2844 , 0 , 7
1 , 2710 , 0 , 8
3 , 2356 , 0 , 10
2 , 2640 , 1 , 2
1 , 2621 , 0 , 11
0 , 2830 , 0 , 7
2 , 3748 , 1 , 0
11 , 2800 , 2 , 4
1 , 4042 , 0 , 11
7 , 3065 , 1 , 11
1 , 2679 , 0 , 1
1 , 3002 , 0 , 7
2 , 2856 , 1 , 10
3 , 3200 , 2 , 10
2 , 2909 , 0 , 7
4 , 2477 , 0 , 1
2 , 2804 , 0 , 12
2 , 2621 , 0 , 15
1 , 4501 , 11 , 7
1 , 2763 , 0 , 12
3 , 2796 , 1 , 6
1 , 2896 , 1 , 4
3 , 2750 , 1 , 8
1 , 3189 , 0 , 11
6 , 3374 , 0 , 0
3 , 2513 , 0 , 4
1 , 1259 , 1 , 19
1 , 1437 , 0 , 5
1 , 1417 , 0 , 10
4 , 1671 , 0 , 6
1 , 2736 , 0 , 7
1 , 2368 , 0 , 15
4 , 4643 , 0 , 7
8 , 1625 , 1 , 12
1 , 1412 , 0 , 0
0 , 1607 , 0 , 10
1 , 2749 , 0 , 10
4 , 47505 , 0 , 10
3 , 2870 , 0 , 3
1 , 2835 , 0 , 13
1 , 3250 , 0 , 16
2 , 3100 , 0 , 2
2 , 5351 , 1 , 0
1 , 2617 , 0 , 16
1 , 4124 , 0 , 16
1 , 4023 , 0 , 2
1 , 3831 , 0 , 8
2 , 3155 , 2 , 2
1 , 3175 , 2 , 16
1 , 3393 , 1 , 1
1 , 2999 , 1 , 1
0 , 3261 , 0 , 1
1 , 3679 , 1 , 18
2 , 3587 , 0 , 2
2 , 3613 , 1 , 6
2 , 3481 , 1 , 13
2 , 3377 , 1 , 10
2 , 4211 , 1 , 3
1 , 3918 , 1 , 9
3 , 3480 , 0 , 7
1 , 99530 , 1 , 0
4 , 2797 , 0 , 11
1 , 2477 , 0 , 5
1 , 2516 , 1 , 5
1 , 3219 , 0 , 10
2 , 3072 , 0 , 6
1 , 3001 , 0 , 13
2 , 2856 , 0 , 13
1 , 2488 , 1 , 4
2 , 3258 , 0 , 0
7 , 5465 , 1 , 17
1 , 3094 , 0 , 10
1 , 2903 , 0 , 1
4 , 3030 , 1 , 14
1 , 2432 , 0 , 11
3 , 2771 , 1 , 6
2 , 2482 , 0 , 0
2 , 2620 , 2 , 0
1 , 283531 , 2 , 17
7 , 2702 , 0 , 17
2 , 2909 , 0 , 3
7 , 2418 , 0 , 10
1 , 2442 , 0 , 10
1 , 2457 , 2 , 1
2 , 2595 , 1 , 13
3 , 3086 , 0 , 16
3 , 2292 , 0 , 2
3 , 2888 , 1 , 8
2 , 2922 , 0 , 9
1 , 2659 , 0 , 8
1 , 2418 , 0 , 3
1 , 2221 , 0 , 11
2 , 2915 , 0 , 5
1 , 2415 , 0 , 8
3 , 2524 , 0 , 1
2 , 2618 , 1 , 10
1 , 3118 , 1 , 9
2 , 3356 , 2 , 9
1 , 3622 , 0 , 6
3 , 5197 , 0 , 11
1 , 4160 , 1 , 10
2 , 4487 , 1 , 8
2 , 3330 , 0 , 0
1 , 3544 , 0 , 9
2 , 3666 , 0 , 11
3 , 2635 , 1 , 0
1 , 4176 , 0 , 19
3 , 3717 , 0 , 5
4 , 3804 , 0 , 8
1 , 3124 , 0 , 14
0 , 2910 , 0 , 3
1 , 6288 , 0 , 1
1 , 5265 , 1 , 12
2 , 3664 , 0 , 11
1 , 4853 , 0 , 13
2 , 3085 , 0 , 0
0 , 3775 , 0 , 6
1 , 3613 , 0 , 14
2 , 3404 , 0 , 3
1 , 3731 , 0 , 15
2 , 4034 , 0 , 13
8 , 3844 , 0 , 6
2 , 4801 , 0 , 3
1 , 3359 , 0 , 12
1 , 3921 , 1 , 11
1 , 3264 , 1 , 1
1 , 2803 , 0 , 1
2 , 3967 , 1 , 15
2 , 3342 , 1 , 9
1 , 3570 , 1 , 6
1 , 5065 , 0 , 4
6 , 3701 , 2 , 15
3 , 3955 , 1 , 4
6 , 14674 , 0 , 12
1 , 4298 , 0 , 0
2 , 4316 , 1 , 11
1 , 3429 , 0 , 9
3 , 4118 , 0 , 12
2 , 3607 , 1 , 9
1 , 3736 , 1 , 4
2 , 3751 , 0 , 15
2 , 3776 , 0 , 6
1 , 7282 , 1 , 4
6 , 3543 , 0 , 13
1 , 3726 , 0 , 8
3 , 3381 , 0 , 7
4 , 3462 , 2 , 17
2 , 3633 , 0 , 1
2 , 3063 , 1 , 1
1 , 4456 , 0 , 6
3 , 4152 , 1 , 13
1 , 32486 , 0 , 5
4 , 2854 , 1 , 0
1 , 3666 , 0 , 7
3 , 6829 , 1 , 10
7 , 5252 , 0 , 7
1 , 2770 , 0 , 2
1 , 3467 , 0 , 10
1 , 3619 , 2 , 11
3 , 3581 , 0 , 8
2 , 3018 , 1 , 2
1 , 2824 , 1 , 11
2 , 4355 , 0 , 10
2 , 4732 , 0 , 3
1 , 3099 , 0 , 13
2 , 2725 , 1 , 3
1 , 6492 , 0 , 9
1 , 3060 , 2 , 12
1 , 3886 , 1 , 1
2 , 3202 , 0 , 10
1 , 4933 , 0 , 9
6 , 3633 , 0 , 0
2 , 3242 , 1 , 15
1 , 3624 , 0 , 6
6 , 4097 , 0 , 11
1 , 3326 , 0 , 7
2 , 2987 , 1 , 4
5 , 3474 , 0 , 11
1 , 3486 , 0 , 3
1 , 3053 , 1 , 9
1 , 3532 , 1 , 8
8 , 3060 , 9 , 2
25 , 5129 , 1 , 5
3 , 3455 , 0 , 4
1 , 3263 , 0 , 3
1 , 3530 , 0 , 8
2 , 5143 , 0 , 5
1 , 2923 , 0 , 11
2 , 3293 , 0 , 7
1 , 3362 , 0 , 1
2 , 3978 , 0 , 12
2 , 3679 , 0 , 10
1 , 3472 , 2 , 3
4 , 3437 , 0 , 5
3 , 3023 , 1 , 16
2 , 3348 , 0 , 10
4 , 2986 , 0 , 4
2 , 3297 , 1 , 15
4 , 4818 , 1 , 6
6 , 7803 , 0 , 2
4 , 4015 , 0 , 18
2 , 3668 , 1 , 14
2 , 3214 , 0 , 5
1 , 4538 , 0 , 7
2 , 3880 , 1 , 11
1 , 4398 , 0 , 12
1 , 2980 , 1 , 12
2 , 3120 , 0 , 0
2 , 2762 , 0 , 1
1 , 3026 , 0 , 12
3 , 3249 , 0 , 10
2 , 7297 , 0 , 8
1 , 3144 , 0 , 2
1 , 4189 , 0 , 11
4 , 2972 , 0 , 12
1 , 3795 , 0 , 8
2 , 3208 , 0 , 17
2 , 3027 , 0 , 10
5 , 3240 , 0 , 3
1 , 3591 , 0 , 3
1 , 5424 , 0 , 12
19 , 4611 , 0 , 9
1 , 2422 , 0 , 4
1 , 1796 , 0 , 19
1 , 1374 , 0 , 0
8 , 1482 , 0 , 9
1 , 3111 , 3 , 5
4 , 4490 , 0 , 4
1 , 1695 , 0 , 10
0 , 38935 , 1 , 7
4 , 3046 , 2 , 0
2 , 4016 , 1 , 14
1 , 3565 , 0 , 6
2 , 4853 , 0 , 6
1 , 3535 , 1 , 17
2 , 3726 , 0 , 2
1 , 3787 , 0 , 7
4 , 4236 , 0 , 13
8 , 4813 , 0 , 2
9 , 4847 , 0 , 7
1 , 4250 , 0 , 11
2 , 3538 , 0 , 14
1 , 3308 , 2 , 5
1 , 3927 , 0 , 1
3 , 3714 , 1 , 1
2 , 3837 , 4 , 16
2 , 3846 , 0 , 9
2 , 4512 , 0 , 9
1 , 4605 , 0 , 3
1 , 3556 , 1 , 16
3 , 3562 , 1 , 9
1 , 3620 , 0 , 1
2 , 5090 , 2 , 7
1 , 5745 , 1 , 5
2 , 3452 , 0 , 4
2 , 4663 , 1 , 15
1 , 2852 , 0 , 16
2 , 3250 , 3 , 2
4 , 3465 , 1 , 9
2 , 4747 , 0 , 16
2 , 3579 , 0 , 1
2 , 3772 , 1 , 17
3 , 4471 , 0 , 3
7 , 3401 , 0 , 11
3 , 2935 , 0 , 7
1 , 3849 , 0 , 4
3 , 4133 , 1 , 10
2 , 3180 , 0 , 4
2 , 3262 , 0 , 10
1 , 4681 , 1 , 10
1 , 3392 , 1 , 19
1 , 3555 , 0 , 5
1 , 3311 , 1 , 10
2 , 3208 , 0 , 5
2 , 3320 , 0 , 4
2 , 4239 , 0 , 16
18 , 3716 , 0 , 9
1 , 3568 , 2 , 8
2 , 3394 , 1 , 7
4 , 4222 , 0 , 11
1 , 4551 , 0 , 9
34 , 3749 , 1 , 5
1 , 3214 , 1 , 10
1 , 3382 , 1 , 9
5 , 3225 , 0 , 9
3 , 7937 , 2 , 11
2 , 3778 , 0 , 9
12 , 3799 , 0 , 10
2 , 4629 , 1 , 10
1 , 3180 , 0 , 0
1 , 4115 , 0 , 8
1 , 5239 , 0 , 13
9 , 4700 , 0 , 7
5 , 5380 , 0 , 6
6 , 4064 , 0 , 13
1 , 3784 , 1 , 4
1 , 3421 , 1 , 16
1 , 3065 , 1 , 1
5 , 2898 , 0 , 4
1 , 4870 , 0 , 11
0 , 3311 , 3 , 5
1 , 3516 , 1 , 6
1 , 3099 , 0 , 8
1 , 3212 , 0 , 10
5 , 150045 , 0 , 3
6 , 3293 , 0 , 9
3 , 3537 , 0 , 15
2 , 3118 , 0 , 15
1 , 3095 , 1 , 5
3 , 4766 , 0 , 13
3 , 4318 , 0 , 17
1 , 3201 , 0 , 0
1 , 3481 , 0 , 5
1 , 3826 , 0 , 9
2 , 3799 , 0 , 11
2 , 4022 , 0 , 14
1 , 3462 , 0 , 1
4 , 3258 , 1 , 13
1 , 4195 , 1 , 0
1 , 4297 , 0 , 10
1 , 4113 , 7 , 12
1 , 5082 , 5 , 13
2 , 4463 , 1 , 3
6 , 8579 , 0 , 4
2 , 3682 , 0 , 16
1 , 3823 , 0 , 8
0 , 3641 , 0 , 9
2 , 3840 , 0 , 18
1 , 3264 , 0 , 11
3 , 4013 , 0 , 18
1 , 9826 , 0 , 4
2 , 4398 , 0 , 9
2 , 4550 , 0 , 13
1 , 3768 , 1 , 19
2 , 4235 , 0 , 17
1 , 4272 , 0 , 19
1 , 5290 , 1 , 15
1 , 7890 , 1 , 12
3 , 4536 , 0 , 17
1 , 4301 , 0 , 14
2 , 3979 , 2 , 15
1 , 3898 , 0 , 10
1 , 4001 , 0 , 19
1 , 3822 , 1 , 22
3 , 6178 , 0 , 12
2 , 5699 , 0 , 16
1 , 3633 , 0 , 11
1 , 4612 , 0 , 10
3 , 3649 , 1 , 9
1 , 4882 , 0 , 14
4 , 3354 , 0 , 11
2 , 4129 , 0 , 14
1 , 4330 , 1 , 12
1 , 4388 , 1 , 11
0 , 4301 , 0 , 9
2 , 3785 , 2 , 20
0 , 5045 , 1 , 9
1 , 4509 , 1 , 14
1 , 6692 , 0 , 4
0 , 4640 , 0 , 13
1 , 5437 , 0 , 16
1 , 4705 , 1 , 12
4 , 7324 , 0 , 17
2 , 4204 , 0 , 9
0 , 5301 , 1 , 18
1 , 4948 , 2 , 15
3 , 4227 , 0 , 18
3 , 4648 , 1 , 14
0 , 3858 , 1 , 9
4 , 4799 , 1 , 19
4 , 3666 , 1 , 6
1 , 4611 , 0 , 22
2 , 6618 , 1 , 10
3 , 5911 , 1 , 5
4 , 5916 , 0 , 17
13 , 45806 , 0 , 1
2 , 5179 , 0 , 9
1 , 5479 , 0 , 21
4 , 4499 , 0 , 21
2 , 4069 , 0 , 13
1 , 3107 , 1 , 7
7 , 4109 , 1 , 21
0 , 3579 , 0 , 7
3 , 3184 , 0 , 18
1 , 3486 , 0 , 16
1 , 4009 , 1 , 9
2 , 3537 , 0 , 17
1 , 4047 , 0 , 4
1 , 4756 , 0 , 12
1 , 3871 , 1 , 6
3 , 4020 , 0 , 17
2 , 3791 , 0 , 18
1 , 6464 , 0 , 10
2 , 10441 , 0 , 21
3 , 4799 , 0 , 14
1 , 4755 , 0 , 4
1 , 4775 , 1 , 14
1 , 3992 , 0 , 8
1 , 4178 , 1 , 23
1 , 4394 , 0 , 3
0 , 4770 , 0 , 14
2 , 3818 , 1 , 8
0 , 4948 , 0 , 13
1 , 4225 , 0 , 13
5 , 5499 , 1 , 10
6 , 4425 , 1 , 20
8 , 3898 , 1 , 21
4 , 4294 , 0 , 10
3 , 3919 , 0 , 8
1 , 4194 , 1 , 12
1 , 4060 , 1 , 12
2 , 4100 , 0 , 5
3 , 3280 , 1 , 10
1 , 3821 , 1 , 9
1 , 3698 , 0 , 9
3 , 4629 , 0 , 8
1 , 3999 , 1 , 10
0 , 4335 , 0 , 12
1 , 7008 , 0 , 9
1 , 3717 , 1 , 15
1 , 5044 , 1 , 19
1 , 5199 , 0 , 11
2 , 6520 , 0 , 11
1 , 4119 , 1 , 13
6 , 3906 , 0 , 9
1 , 3831 , 1 , 10
29 , 4568 , 1 , 11
2 , 4250 , 0 , 15
1 , 4194 , 1 , 6
3 , 4303 , 0 , 12
2 , 3766 , 0 , 13
1 , 5353 , 0 , 8
1 , 3599 , 0 , 13
1 , 3894 , 0 , 19
1 , 3697 , 1 , 11
2 , 3509 , 0 , 10
1 , 4362 , 0 , 23
5 , 5584 , 1 , 7
1 , 3929 , 0 , 14
4 , 3440 , 0 , 8
4 , 3619 , 0 , 11
1 , 4301 , 0 , 11
0 , 4829 , 0 , 8
2 , 183592 , 3 , 9
14 , 3725 , 1 , 10
2 , 3915 , 0 , 14
1 , 6002 , 3 , 17
1 , 3968 , 0 , 13
1 , 3932 , 0 , 15
4 , 4205 , 0 , 17
1 , 3937 , 0 , 7
2 , 4026 , 0 , 17
2 , 4192 , 1 , 13
0 , 4087 , 1 , 18
2 , 4410 , 0 , 12
2 , 5240 , 1 , 12
3 , 4225 , 0 , 15
2 , 4108 , 0 , 14
2 , 3787 , 1 , 6
1 , 4143 , 0 , 12
2 , 5726 , 0 , 11
3 , 3710 , 1 , 11
1 , 3977 , 0 , 3
0 , 3869 , 1 , 16
1 , 4837 , 1 , 11
1 , 8014 , 1 , 8
2 , 4838 , 1 , 16
1 , 4202 , 0 , 10
1 , 4703 , 0 , 17
2 , 5147 , 0 , 5
2 , 4411 , 1 , 16
2 , 4722 , 0 , 8
1 , 6429 , 1 , 11
1 , 4569 , 0 , 11
1 , 4221 , 0 , 9
2 , 4958 , 0 , 2
1 , 3618 , 0 , 11
1 , 4485 , 0 , 13
5 , 5172 , 0 , 14
1 , 4486 , 0 , 9
1 , 3966 , 0 , 9
1 , 4129 , 0 , 19
2 , 4694 , 0 , 10
1 , 4166 , 1 , 15
1 , 5042 , 0 , 9
4 , 8180 , 0 , 13
2 , 6751 , 0 , 8
2 , 5598 , 2 , 10
3 , 4731 , 1 , 8
4 , 3776 , 0 , 11
2 , 4486 , 1 , 14
3 , 4197 , 0 , 13
1 , 5273 , 0 , 14
2 , 3827 , 2 , 3
2 , 4301 , 1 , 17
3 , 3982 , 0 , 9
2 , 4612 , 0 , 12
1 , 9948 , 0 , 17
10 , 6684 , 0 , 16
1 , 3514 , 0 , 1
1 , 4535 , 1 , 9
2 , 4421 , 1 , 10
2 , 4278 , 0 , 8
4 , 7430 , 1 , 12
1 , 5374 , 0 , 13
2 , 4433 , 0 , 12
1 , 4187 , 0 , 9
1 , 4924 , 0 , 11
2 , 7607 , 1 , 7
3 , 4817 , 1 , 14
1 , 47707 , 0 , 8
5 , 4839 , 4 , 9
1 , 5135 , 0 , 10
2 , 4218 , 1 , 11
3 , 4113 , 0 , 7
1 , 3533 , 0 , 5
1 , 3674 , 1 , 14
4 , 4166 , 1 , 4
1 , 3891 , 0 , 9
3 , 4067 , 0 , 10
2 , 3682 , 2 , 12
2 , 3906 , 1 , 5
1 , 4154 , 0 , 20
2 , 4186 , 0 , 10
1 , 4635 , 1 , 9
1 , 3899 , 1 , 6
5 , 9449 , 1 , 16
6 , 4608 , 0 , 7
1 , 5178 , 2 , 8
3 , 6761 , 1 , 7
3 , 4573 , 0 , 15
1 , 4085 , 1 , 7
1 , 5619 , 0 , 12
2 , 4342 , 1 , 15
1 , 3671 , 0 , 7
4 , 4390 , 1 , 12
3 , 5173 , 0 , 10
1 , 5807 , 0 , 12
1 , 4081 , 1 , 13
4 , 6589 , 0 , 12
2 , 4336 , 1 , 3
1 , 4472 , 1 , 13
2 , 4065 , 1 , 2
2 , 5273 , 0 , 13
1 , 4476 , 0 , 6
1 , 5135 , 2 , 20
1 , 4584 , 0 , 7
1 , 4278 , 0 , 10
1 , 3679 , 1 , 2
2 , 4345 , 1 , 15
1 , 5578 , 1 , 12
2 , 4225 , 0 , 4
2 , 4605 , 1 , 3
1 , 4572 , 0 , 19
1 , 4891 , 1 , 13
3 , 3898 , 1 , 11
2 , 4605 , 1 , 11
2 , 3806 , 0 , 5
3 , 4550 , 1 , 11
2 , 3362 , 0 , 4
1 , 4369 , 0 , 14
1 , 4371 , 0 , 7
1 , 4062 , 1 , 17
1 , 4959 , 0 , 13
2 , 6830 , 1 , 13
3 , 4218 , 0 , 13
3 , 4269 , 1 , 4
4 , 4090 , 0 , 9
2 , 4377 , 0 , 12
2 , 4202 , 0 , 10
3 , 4423 , 0 , 7
1 , 3736 , 0 , 16
2 , 4203 , 6 , 9
17 , 3965 , 1 , 8
2 , 3939 , 0 , 14
1 , 4046 , 0 , 16
3 , 56347 , 1 , 16
6 , 3859 , 1 , 5
2 , 3629 , 0 , 13
2 , 6785 , 1 , 15
2 , 4213 , 1 , 7
1 , 4522 , 0 , 11
7 , 5511 , 1 , 12
1 , 4254 , 0 , 18
3 , 4320 , 1 , 7
0 , 4137 , 0 , 12
1 , 3989 , 0 , 8
1 , 4047 , 0 , 2
2 , 4380 , 0 , 10
1 , 4323 , 0 , 5
2 , 5018 , 1 , 16
2 , 4450 , 1 , 5
1 , 10797 , 0 , 13
5 , 5679 , 1 , 16
3 , 4378 , 0 , 6
2 , 3980 , 2 , 2
3 , 4829 , 0 , 9
8 , 4163 , 1 , 5
2 , 5517 , 0 , 16
3 , 4498 , 0 , 5
3 , 4133 , 1 , 14
5 , 4485 , 0 , 16
1 , 4352 , 0 , 5
1 , 4802 , 0 , 16
2 , 7662 , 1 , 8
3 , 4718 , 0 , 4
8 , 4533 , 0 , 7
4 , 4078 , 0 , 12
1 , 4047 , 0 , 4
2 , 4567 , 1 , 12
0 , 4614 , 0 , 15
1 , 4601 , 1 , 10
3 , 4622 , 1 , 10
2 , 5976 , 0 , 13
7 , 5057 , 1 , 15
2 , 4962 , 0 , 15
9 , 5970 , 0 , 9
1 , 3836 , 0 , 4
2 , 5471 , 0 , 8
1 , 5043 , 1 , 12
3 , 4735 , 0 , 9
2 , 4219 , 0 , 4
7 , 4443 , 0 , 10
1 , 3554 , 0 , 10
3 , 3817 , 0 , 6
1 , 4089 , 0 , 12
3 , 5355 , 1 , 11
1 , 4429 , 1 , 10
2 , 4943 , 1 , 11
1 , 5502 , 2 , 3
1 , 4400 , 1 , 11
2 , 4418 , 0 , 3
2 , 4494 , 1 , 10
1 , 4207 , 0 , 5
2 , 5088 , 0 , 12
1 , 4351 , 0 , 12
1 , 5625 , 1 , 2
2 , 4607 , 0 , 12
1 , 4982 , 0 , 10
34 , 6223 , 1 , 14
1 , 295916 , 2 , 7
13 , 3951 , 0 , 11
1 , 3405 , 0 , 11
2 , 3758 , 1 , 7
1 , 4946 , 0 , 8
0 , 3402 , 0 , 12
3 , 3271 , 1 , 5
3 , 3535 , 0 , 6
1 , 4083 , 0 , 13
2 , 4674 , 0 , 19
1 , 4824 , 0 , 16
1 , 4226 , 0 , 8
3 , 6039 , 1 , 7
2 , 4979 , 0 , 7
1 , 4777 , 0 , 6
2 , 5335 , 1 , 8
2 , 5100 , 1 , 9
2 , 7815 , 1 , 10
2 , 4542 , 0 , 7
1 , 5480 , 0 , 11
2 , 4224 , 1 , 8
3 , 4668 , 1 , 11
23 , 5076 , 1 , 2
1 , 4972 , 0 , 12
2 , 4940 , 0 , 4
1 , 4629 , 0 , 7
2 , 5593 , 1 , 7
2 , 6193 , 1 , 13
1 , 7035 , 1 , 9
2 , 8652 , 2 , 7
1 , 4380 , 2 , 9
2 , 4052 , 0 , 7
1 , 5039 , 1 , 1
1 , 4817 , 1 , 10
1 , 4520 , 0 , 8
2 , 5417 , 0 , 11
24 , 8921 , 1 , 6
13 , 3341 , 0 , 1
