Load, Inserted bitset computation, Update ASTree
5 , 30 , 3
2 , 65 , 3
2 , 56 , 6
4 , 44 , 3
11 , 63 , 5
2 , 39 , 3
1 , 50 , 3
4 , 88 , 3
1 , 101 , 3
2 , 93 , 4
2 , 80 , 3
2 , 133 , 2
1 , 81 , 2
2 , 86 , 2
2 , 103 , 3
1 , 147 , 3
1 , 132 , 2
1 , 133 , 2
1 , 90 , 2
0 , 103 , 3
1 , 142 , 2
1 , 105 , 4
2 , 177 , 3
2 , 196 , 4
1 , 213 , 4
2 , 315 , 1
2 , 79 , 2
1 , 134 , 2
2 , 139 , 2
1 , 138 , 3
1 , 243 , 1
1 , 126 , 2
1 , 143 , 4
1 , 150 , 3
1 , 183 , 2
1 , 161 , 3
1 , 176 , 2
1 , 177 , 3
2 , 226 , 4
2 , 251 , 4
2 , 253 , 4
3 , 672 , 3
1 , 190 , 2
1 , 193 , 3
2 , 342 , 3
2 , 215 , 3
2 , 231 , 3
1 , 242 , 3
2 , 365 , 3
0 , 254 , 3
1 , 320 , 2
2 , 268 , 3
1 , 267 , 3
1 , 290 , 3
1 , 299 , 3
2 , 297 , 3
2 , 301 , 3
2 , 397 , 5
2 , 419 , 3
1 , 394 , 3
1 , 469 , 6
2 , 802 , 2
1 , 287 , 3
1 , 291 , 2
1 , 277 , 3
2 , 279 , 3
2 , 301 , 4
1 , 371 , 3
1 , 4007 , 3
1 , 309 , 3
1 , 333 , 3
1 , 349 , 3
1 , 360 , 3
1 , 369 , 4
1 , 425 , 3
1 , 365 , 3
2 , 405 , 2
1 , 386 , 3
1 , 446 , 3
1 , 446 , 3
2 , 441 , 4
1 , 488 , 5
2 , 599 , 2
2 , 361 , 3
2 , 366 , 2
0 , 366 , 3
1 , 367 , 3
1 , 385 , 2
2 , 393 , 3
1 , 456 , 3
2 , 450 , 3
1 , 452 , 3
1 , 433 , 3
1 , 912 , 2
1 , 387 , 3
1 , 418 , 3
1 , 424 , 3
0 , 432 , 2
1 , 429 , 3
1 , 1717 , 3
1 , 429 , 3
1 , 476 , 3
2 , 463 , 3
1 , 508 , 3
1 , 491 , 4
1 , 506 , 3
1 , 496 , 4
1 , 503 , 3
1 , 536 , 3
2 , 538 , 4
1 , 519 , 3
1 , 676 , 3
2 , 505 , 3
2 , 482 , 3
2 , 517 , 3
1 , 536 , 4
2 , 572 , 5
1 , 543 , 3
1 , 539 , 3
1 , 534 , 3
2 , 565 , 3
1 , 563 , 3
1 , 576 , 4
1 , 614 , 2
0 , 615 , 3
1 , 740 , 2
1 , 589 , 3
2 , 564 , 3
1 , 540 , 4
1 , 543 , 3
1 , 615 , 3
1 , 573 , 3
1 , 578 , 3
1 , 580 , 4
1 , 587 , 3
1 , 582 , 3
1 , 602 , 3
2 , 924 , 2
2 , 537 , 3
1 , 4374 , 2
1 , 678 , 4
1 , 631 , 6
0 , 793 , 4
1 , 678 , 4
1 , 647 , 3
1 , 630 , 3
1 , 780 , 5
1 , 759 , 4
0 , 714 , 3
1 , 747 , 4
1 , 707 , 4
1 , 740 , 4
1 , 1082 , 2
1 , 738 , 3
1 , 713 , 3
2 , 701 , 4
1 , 730 , 4
1 , 716 , 3
2 , 738 , 4
0 , 825 , 3
1 , 753 , 3
2 , 773 , 3
1 , 786 , 3
1 , 787 , 4
1 , 819 , 4
1 , 794 , 3
1 , 786 , 4
1 , 781 , 4
1 , 1620 , 4
0 , 762 , 4
1 , 782 , 4
0 , 771 , 4
1 , 749 , 3
2 , 791 , 4
1 , 812 , 4
1 , 778 , 3
2 , 772 , 3
1 , 808 , 4
1 , 832 , 4
1 , 799 , 4
1 , 804 , 4
1 , 892 , 3
2 , 1048 , 5
1 , 871 , 4
0 , 1090 , 3
1 , 853 , 4
1 , 795 , 3
2 , 812 , 4
1 , 827 , 3
1 , 833 , 3
0 , 814 , 4
1 , 807 , 4
1 , 845 , 4
1 , 879 , 3
1 , 871 , 3
1 , 890 , 3
1 , 856 , 4
1 , 938 , 3
1 , 892 , 4
1 , 905 , 3
1 , 918 , 4
1 , 2522 , 7
1 , 918 , 3
1 , 839 , 3
1 , 862 , 3
1 , 858 , 4
1 , 902 , 4
1 , 881 , 4
1 , 1055 , 5
6 , 950 , 4
1 , 9403 , 4
1 , 980 , 4
2 , 1007 , 4
1 , 957 , 3
1 , 1027 , 4
2 , 1015 , 3
0 , 8096 , 3
1 , 1040 , 4
1 , 1086 , 4
1 , 1245 , 6
1 , 1110 , 4
0 , 985 , 4
1 , 1040 , 4
1 , 1066 , 4
2 , 1065 , 4
2 , 1259 , 4
1 , 1228 , 6
1 , 1158 , 4
1 , 1244 , 4
1 , 1125 , 4
3 , 1092 , 4
3 , 1589 , 3
1 , 1161 , 4
1 , 1025 , 4
3 , 1142 , 3
2 , 1071 , 4
1 , 1091 , 4
2 , 1104 , 3
1 , 1135 , 4
1 , 1081 , 3
1 , 1066 , 4
1 , 1722 , 3
1 , 1129 , 4
1 , 1148 , 4
1 , 1284 , 4
1 , 1249 , 6
2 , 1492 , 4
14 , 1213 , 4
1 , 1783 , 3
2 , 1144 , 5
1 , 1096 , 4
2 , 1212 , 5
3 , 1163 , 4
1 , 1294 , 4
1 , 1173 , 6
1 , 1489 , 4
2 , 1231 , 4
1 , 1149 , 4
2 , 1331 , 3
0 , 1175 , 3
2 , 1204 , 4
4 , 1201 , 4
2 , 1357 , 4
1 , 1218 , 4
1 , 1250 , 5
1 , 2486 , 5
1 , 1175 , 4
1 , 1228 , 4
2 , 1253 , 4
2 , 1174 , 4
2 , 1193 , 4
2 , 1303 , 4
1 , 1234 , 4
1 , 1332 , 5
2 , 1344 , 4
2 , 1386 , 4
1 , 1704 , 6
1 , 1473 , 4
1 , 1340 , 5
1 , 1277 , 4
1 , 1259 , 4
0 , 1605 , 4
1 , 1369 , 3
1 , 4091 , 3
9 , 1184 , 5
1 , 1205 , 3
2 , 1203 , 4
1 , 1235 , 4
2 , 1202 , 5
0 , 1266 , 4
1 , 1217 , 4
1 , 1450 , 4
1 , 1712 , 7
2 , 1258 , 4
1 , 1300 , 4
2 , 1333 , 4
2 , 1349 , 4
1 , 1663 , 4
7 , 1445 , 4
2 , 1336 , 5
2 , 1351 , 3
2 , 2989 , 3
9 , 1217 , 4
2 , 1252 , 4
1 , 1261 , 4
1 , 1283 , 4
2 , 1308 , 4
2 , 1329 , 4
2 , 1281 , 4
1 , 1261 , 3
1 , 1317 , 4
1 , 1310 , 4
1 , 1308 , 6
2 , 1681 , 4
1 , 1291 , 3
2 , 73376 , 12
3 , 2596 , 6
5 , 2677 , 8
2 , 2364 , 9
2 , 2303 , 5
3 , 2078 , 11
2 , 2054 , 6
1 , 2090 , 5
2 , 2182 , 6
