Load, Evidence sets update, BitSetMap update, Negative cover update, Positive cover update, Merge BitSet map, Total, Total (without data loading)
4 , 13 , 0 , 10 , 0 , 12 , 39 , 35
20 , 44 , 2 , 10 , 0 , 1 , 77 , 57
3 , 10 , 0 , 4 , 0 , 1 , 18 , 15
2 , 17 , 1 , 3 , 0 , 1 , 24 , 22
4 , 38 , 0 , 2 , 0 , 1 , 45 , 41
2 , 13 , 7 , 2 , 0 , 0 , 24 , 22
1 , 15 , 1 , 6 , 0 , 1 , 24 , 23
2 , 20 , 1 , 1 , 0 , 1 , 25 , 23
2 , 16 , 1 , 1 , 0 , 2 , 22 , 20
16 , 21 , 2 , 1 , 0 , 1 , 41 , 25
2 , 31 , 1 , 1 , 0 , 1 , 36 , 34
2 , 39 , 1 , 2 , 0 , 1 , 45 , 43
1 , 28 , 0 , 1 , 0 , 2 , 32 , 31
1 , 21 , 1 , 1 , 0 , 1 , 25 , 24
0 , 41 , 1 , 1 , 0 , 1 , 44 , 44
1 , 25 , 1 , 0 , 0 , 1 , 28 , 27
1 , 56 , 1 , 1 , 0 , 0 , 59 , 58
1 , 47 , 1 , 0 , 0 , 1 , 50 , 49
1 , 47 , 1 , 0 , 0 , 0 , 49 , 48
0 , 45 , 1 , 1 , 0 , 1 , 48 , 48
0 , 36 , 1 , 0 , 0 , 1 , 38 , 38
1 , 31 , 1 , 0 , 0 , 1 , 34 , 33
0 , 30 , 1 , 1 , 0 , 1 , 33 , 33
1 , 45 , 1 , 0 , 0 , 1 , 48 , 47
1 , 43 , 0 , 0 , 0 , 1 , 45 , 44
1 , 41 , 1 , 1 , 0 , 1 , 45 , 44
1 , 40 , 0 , 1 , 0 , 0 , 42 , 41
0 , 72 , 1 , 1 , 0 , 0 , 74 , 74
0 , 66 , 0 , 0 , 0 , 1 , 67 , 67
8 , 112 , 1 , 0 , 0 , 1 , 122 , 114
