Load, Inserted bitset computation, Update ASTree, Number of evidence vectors
2 , 11 , 7 , 339
1 , 11 , 12 , 335
2 , 13 , 23 , 283
3 , 15 , 16 , 322
6 , 29 , 22 , 342
2 , 27 , 29 , 337
3 , 16 , 98 , 265
11 , 11 , 13 , 322
2 , 14 , 20 , 375
1 , 17 , 13 , 408
2 , 42 , 245 , 468
1 , 10 , 11 , 379
1 , 11 , 6 , 221
1 , 12 , 18 , 231
1 , 16 , 18 , 193
1 , 38 , 36 , 290
2 , 35 , 414 , 263
1 , 23 , 15 , 366
1 , 33 , 12 , 219
1 , 27 , 23 , 390
1 , 25 , 11 , 268
1 , 34 , 12 , 187
1 , 29 , 22 , 211
2 , 629 , 12 , 222
1 , 25 , 15 , 313
1 , 29 , 22 , 294
1 , 36 , 27 , 350
0 , 33 , 28 , 272
2 , 48 , 1384 , 441
1 , 34 , 38 , 302
2 , 40 , 28 , 248
2 , 46 , 41 , 299
2 , 51 , 55 , 392
1 , 54 , 265 , 356
1 , 36 , 41 , 402
1 , 52 , 42 , 387
1 , 47 , 440 , 330
2 , 46 , 42 , 274
2 , 50 , 48 , 397
1 , 51 , 48 , 364
2 , 50 , 1720 , 378
1 , 44 , 49 , 367
2 , 51 , 39 , 270
1 , 59 , 350 , 271
2 , 46 , 33 , 205
1 , 57 , 49 , 366
1 , 57 , 44 , 278
2 , 60 , 37 , 261
1 , 73 , 450 , 247
1 , 55 , 58 , 355
9 , 61 , 387 , 393
1 , 57 , 39 , 300
1 , 71 , 53 , 336
1 , 67 , 577 , 437
2 , 2986 , 45 , 331
2 , 66 , 42 , 285
2 , 77 , 2134 , 366
2 , 70 , 153 , 394
1 , 72 , 34 , 249
1 , 80 , 36 , 182
1 , 81 , 196 , 363
1 , 74 , 53 , 271
1 , 79 , 62 , 309
1 , 87 , 290 , 352
1 , 85 , 51 , 243
2 , 86 , 45 , 212
1 , 126 , 293 , 200
1 , 90 , 52 , 254
1 , 91 , 61 , 269
1 , 91 , 374 , 233
3 , 88 , 67 , 354
2 , 93 , 660 , 263
1 , 87 , 24 , 177
2 , 95 , 470 , 283
1 , 91 , 7940 , 244
1 , 178 , 757 , 274
1 , 94 , 255 , 181
1 , 95 , 266 , 193
1 , 95 , 186 , 168
1 , 97 , 133 , 200
1 , 193 , 111 , 167
1 , 475 , 2924 , 203
1 , 102 , 95 , 221
1 , 103 , 122 , 223
1 , 110 , 166 , 217
2 , 104 , 132 , 229
2 , 121 , 162 , 235
2 , 216 , 243 , 403
2 , 110 , 354 , 322
