Load, Inserted bitset computation, Update ASTree
18 , 1176 , 9
17 , 1620 , 17
11 , 2219 , 15
11 , 2101 , 20
6 , 3596 , 33
7 , 10828 , 16
3 , 4888 , 25
16 , 9943 , 13
4 , 5984 , 19
3 , 5378 , 20
3 , 5952 , 17
4 , 23221 , 19
3 , 8524 , 194
3 , 8141 , 77
4 , 6892 , 28
4 , 8184 , 22
4 , 6588 , 26
2 , 18870 , 31
2 , 22805 , 32
4 , 10666 , 26
4 , 13953 , 99
5 , 17788 , 26
4 , 9538 , 28
3 , 10332 , 31
3 , 11903 , 35
3 , 15756 , 32
5 , 11894 , 65
3 , 421475 , 168
12 , 44742 , 667
16 , 47317 , 788
17 , 50942 , 465
15 , 47547 , 534
11 , 186120 , 288
31 , 35770 , 355
17 , 56067 , 654
8 , 50246 , 794
9 , 51134 , 474
23 , 37422 , 269
13 , 359470 , 641
24 , 75005 , 514
10 , 33769 , 233
13 , 11209751 , 1277
25 , 227797 , 1037
26 , 240341 , 896
13 , 224963 , 1025
10 , 75714 , 2531
31 , 418788 , 572
20 , 112459 , 1103
18 , 28399 , 448
2 , 2389 , 0
