Load, Inserted bitset computation, Update ASTree
6 , 32 , 2
6 , 75 , 1
8 , 92 , 2
2 , 21 , 1
7 , 63 , 6
3 , 86 , 1
2 , 63 , 25
1 , 217 , 0
1 , 88 , 2
3 , 157 , 1
1 , 92 , 1
2 , 134 , 0
12 , 74 , 0
1 , 57 , 0
3 , 92 , 0
2 , 91 , 1
1 , 114 , 0
10 , 129 , 2
1 , 137 , 0
1 , 51 , 0
2 , 56 , 0
312 , 84 , 0
1 , 75 , 0
1 , 107 , 1
1 , 81 , 1
1 , 133 , 0
0 , 502 , 1
1 , 341 , 1
2 , 195 , 0
18 , 189 , 0
2 , 77 , 1
0 , 116 , 0
0 , 88 , 0
2 , 195 , 1
1 , 158 , 1
1 , 84 , 0
2 , 178 , 0
0 , 135 , 0
1 , 104 , 0
0 , 101 , 0
1 , 186 , 1
2 , 199 , 0
1 , 220 , 1
1 , 210 , 0
1 , 262 , 1
2 , 504 , 0
1 , 133 , 0
1 , 192 , 0
1 , 133 , 1
1 , 149 , 0
1 , 148 , 0
2 , 131 , 0
2 , 173 , 0
1 , 212 , 0
2 , 195 , 0
2 , 239 , 1
1 , 120 , 0
1 , 157 , 0
2 , 128 , 0
1 , 152 , 0
1 , 164 , 0
1 , 183 , 0
1 , 311 , 1
1 , 334 , 1
2 , 340 , 0
2 , 582 , 1
1 , 356 , 0
4 , 385 , 0
1 , 368 , 0
1 , 517 , 0
1 , 268 , 0
1 , 238 , 0
1 , 368 , 0
2 , 370 , 0
2 , 468 , 0
3 , 353 , 0
2 , 272 , 3
1 , 246 , 0
1 , 569 , 1
1 , 872 , 0
1 , 272 , 1
1 , 245 , 1
1 , 398 , 0
2 , 756 , 0
1 , 479 , 1
1 , 700 , 1
1 , 510 , 1
1 , 467 , 1
2 , 585 , 0
1 , 665 , 0
1 , 250 , 0
1 , 304 , 0
1 , 408 , 0
2 , 355 , 0
0 , 442 , 0
1 , 355 , 1
1 , 431 , 0
1 , 614 , 1
1 , 2100 , 0
0 , 1257 , 1
1 , 900 , 2
2 , 2584 , 0
1 , 265 , 1
1 , 366 , 0
1 , 315 , 0
2 , 283 , 1
1 , 350 , 0
1 , 365 , 0
2 , 443 , 0
2 , 312 , 1
0 , 320 , 0
1 , 487 , 1
2 , 311 , 1
2 , 320 , 0
1 , 404 , 0
1 , 353 , 0
1 , 321 , 0
1 , 324 , 0
2 , 395 , 0
1 , 332 , 0
2 , 379 , 0
2 , 290 , 1
1 , 280 , 0
2 , 351 , 1
1 , 419 , 0
1 , 323 , 0
1 , 404 , 0
2 , 378 , 0
1 , 328 , 0
1 , 354 , 0
1 , 356 , 1
1 , 337 , 0
1 , 346 , 0
2 , 390 , 0
0 , 365 , 1
1 , 374 , 0
1 , 386 , 0
1 , 484 , 0
2 , 428 , 0
1 , 2054 , 0
1 , 317 , 0
0 , 364 , 1
0 , 323 , 0
1 , 365 , 1
0 , 442 , 1
1 , 432 , 0
1 , 434 , 1
1 , 356 , 0
2 , 403 , 0
1 , 579 , 1
1 , 531 , 1
1 , 1284 , 0
1 , 652 , 0
0 , 458 , 0
4 , 408 , 0
1 , 439 , 0
1 , 661 , 0
1 , 801 , 1
1 , 2966 , 0
1 , 402 , 0
0 , 405 , 0
1 , 650 , 1
0 , 365 , 1
1 , 368 , 0
0 , 392 , 1
1 , 383 , 0
1 , 372 , 0
1 , 381 , 1
0 , 426 , 0
2 , 472 , 1
1 , 433 , 0
1 , 553 , 0
2 , 960 , 0
1 , 919 , 0
1 , 620 , 0
3 , 457 , 0
0 , 431 , 1
1 , 494 , 1
1 , 554 , 0
1 , 734 , 0
1 , 795 , 0
0 , 412 , 0
1 , 434 , 0
1 , 391 , 0
1 , 506 , 0
0 , 435 , 0
1 , 430 , 0
0 , 440 , 0
1 , 417 , 1
1 , 664 , 0
1 , 2488 , 1
1 , 689 , 0
1 , 690 , 1
1 , 984 , 0
9 , 482 , 0
2 , 443 , 0
1 , 429 , 0
1 , 485 , 0
1 , 463 , 1
1 , 464 , 0
1 , 601 , 0
2 , 434 , 1
1 , 442 , 0
1 , 514 , 0
1 , 433 , 0
1 , 522 , 0
2 , 537 , 0
2 , 428 , 0
2 , 435 , 1
1 , 752 , 0
1 , 490 , 0
1 , 484 , 0
1 , 563 , 1
0 , 1660 , 0
1 , 933 , 1
1 , 1074 , 0
1 , 1162 , 2
3 , 1042 , 1
1 , 26376 , 1
0 , 1364 , 0
1 , 1156 , 0
1 , 1502 , 0
1 , 1368 , 0
2 , 1276 , 1
1 , 1470 , 0
1 , 1494 , 0
3 , 1657 , 0
5 , 849 , 1
1 , 978 , 0
1 , 1100 , 1
1 , 1110 , 0
1 , 1499 , 0
0 , 958 , 0
2 , 789 , 1
1 , 992 , 0
2 , 1070 , 1
1 , 1474 , 0
0 , 1184 , 0
3 , 1250 , 0
1 , 2102 , 1
18 , 4052 , 0
1 , 925 , 0
1 , 751 , 1
1 , 840 , 1
1 , 804 , 0
1 , 936 , 0
8 , 787 , 0
1 , 855 , 0
0 , 656 , 1
1 , 2926 , 0
0 , 704 , 0
1 , 609 , 0
1 , 579 , 0
2 , 590 , 0
1 , 933 , 1
1 , 709 , 1
0 , 1028 , 0
1 , 783 , 0
1 , 1030 , 1
1 , 801 , 1
1 , 667 , 0
1 , 733 , 0
1 , 678 , 0
2 , 867 , 2
3 , 1563 , 1
4 , 2740 , 0
1 , 786 , 0
1 , 923 , 1
1 , 774 , 0
1 , 1039 , 1
1 , 956 , 0
1 , 864 , 0
0 , 1004 , 1
1 , 927 , 0
1 , 1000 , 1
0 , 849 , 0
0 , 979 , 1
0 , 1047 , 0
2 , 1383 , 0
1 , 1041 , 0
1 , 834 , 0
1 , 735 , 0
1 , 993 , 0
2 , 764 , 1
1 , 853 , 0
1 , 829 , 0
0 , 955 , 1
2 , 812 , 0
1 , 1590 , 0
1 , 1866 , 1
5 , 2437 , 0
1 , 750 , 0
1 , 1139 , 1
1 , 888 , 0
1 , 947 , 0
1 , 809 , 0
1 , 1008 , 0
2 , 816 , 0
1 , 1029 , 0
3 , 2268 , 11
6 , 3232 , 0
1 , 1476 , 0
1 , 895 , 0
1 , 1433 , 1
0 , 2063 , 1
1 , 1303 , 0
1 , 1312 , 1
2 , 1425 , 0
1 , 1083 , 0
1 , 942 , 1
1 , 1152 , 0
1 , 1129 , 0
1 , 1182 , 0
1 , 2319 , 1
0 , 984 , 0
0 , 1320 , 0
1 , 1806 , 0
1 , 1564 , 0
1 , 1193 , 1
0 , 889 , 0
1 , 1075 , 1
0 , 927 , 0
0 , 888 , 1
0 , 1065 , 0
1 , 967 , 0
1 , 847 , 0
1 , 1231 , 0
1 , 35033 , 0
3 , 1811 , 1
1 , 2275 , 1
1 , 2472 , 0
2 , 5060 , 3
1 , 2501 , 0
2 , 1851 , 0
1 , 1591 , 0
7 , 1641 , 0
6 , 2479 , 1
1 , 1402 , 1
1 , 1569 , 0
8 , 1897 , 1
4 , 1652 , 1
1 , 2180 , 0
2 , 1578 , 0
2 , 1414 , 0
1 , 1412 , 0
2 , 2332 , 1
1 , 1446 , 0
1 , 2012 , 0
1 , 5203 , 1
2 , 1542 , 0
1 , 1399 , 0
1 , 1100 , 0
1 , 1156 , 0
3 , 1083 , 1
1 , 1806 , 0
0 , 4059 , 1
1 , 1269 , 1
1 , 2922 , 0
2 , 1837 , 0
1 , 1796 , 1
2 , 1965 , 1
1 , 1486 , 1
2 , 1893 , 1
2 , 2079 , 0
10 , 1095 , 1
1 , 1247 , 0
7 , 2559 , 1
2 , 1662 , 0
2 , 3196 , 1
1 , 2168 , 1
3 , 10514 , 0
3 , 3082 , 0
3 , 7541 , 1
2 , 3045 , 2
4 , 2818 , 0
1 , 2199 , 0
4 , 5024 , 1
1 , 3314 , 0
2 , 3206 , 1
2 , 2783 , 1
1 , 2696 , 0
2 , 3832 , 0
15 , 4203 , 0
2 , 3472 , 0
2 , 3462 , 1
3 , 3671 , 0
2 , 3636 , 0
4 , 4127 , 0
1 , 3493 , 1
1 , 2845 , 0
1 , 11600 , 1
2 , 5376 , 1
2 , 3371 , 1
2 , 3433 , 0
1 , 3544 , 1
3 , 3308 , 3
3 , 3329 , 0
2 , 3719 , 1
3 , 3927 , 1
3 , 4027 , 1
5 , 3419 , 0
2 , 3257 , 1
4 , 3682 , 2
3 , 3484 , 0
1 , 3743 , 1
1 , 3917 , 2
0 , 3316 , 0
7 , 4743 , 0
1 , 3796 , 1
1 , 3559 , 1
2 , 2768 , 1
1 , 2359 , 0
2 , 2692 , 0
9 , 3970 , 0
4 , 3596 , 0
3 , 13768 , 1
3 , 3292 , 3
1 , 3111 , 0
4 , 4197 , 0
1 , 5569 , 1
8 , 5514 , 0
2 , 4668 , 0
7 , 4708 , 1
2 , 3977 , 0
2 , 4050 , 1
2 , 4693 , 1
2 , 4380 , 0
1 , 4477 , 6
5 , 4066 , 0
1 , 4737 , 1
3 , 3760 , 0
1 , 4473 , 2
5 , 3690 , 3
1 , 5690 , 0
7 , 6165 , 0
2 , 4324 , 1
9 , 3888 , 1
1 , 80716 , 1
9 , 2895 , 0
1 , 2787 , 0
2 , 2974 , 1
2 , 2806 , 0
1 , 2421 , 1
2 , 3417 , 0
5 , 3079 , 0
1 , 3699 , 1
1 , 3637 , 1
1 , 7215 , 0
2 , 11679 , 1
1 , 18761 , 1
1 , 7301 , 1
5 , 7966 , 1
5 , 4001 , 1
2 , 3877 , 1
1 , 3454 , 0
2 , 3271 , 0
1 , 3574 , 1
1 , 3680 , 1
1 , 3842 , 0
2 , 4088 , 0
2 , 3722 , 0
2 , 4582 , 1
2 , 4867 , 0
8129 , 4332 , 1
1 , 5485 , 1
4 , 7783 , 1
2 , 5028 , 1
1 , 4392 , 0
5 , 5984 , 1
1 , 8532 , 0
4 , 6612 , 1
5 , 9970 , 0
2 , 4486 , 1
1 , 65385 , 2
4 , 159918 , 0
7 , 6700 , 2
3 , 6818 , 0
2 , 5333 , 0
2 , 7027 , 1
1 , 9175 , 0
1 , 3926 , 0
1 , 3977 , 0
1 , 6875 , 0
2 , 7391 , 0
3 , 5685 , 0
1 , 6846 , 3
5 , 6566 , 7
18 , 6497 , 1
1 , 9268 , 0
2 , 8389 , 2
2 , 5973 , 0
2 , 7607 , 0
2 , 3803 , 0
2 , 3887 , 0
4 , 4428 , 0
2 , 3389 , 1
1 , 4348 , 1
4 , 5078 , 0
1 , 28503 , 1
3 , 3538 , 1
1 , 3221 , 0
1 , 3652 , 0
6 , 5877 , 0
1 , 3433 , 0
0 , 3631 , 0
3 , 2907 , 0
1 , 3022 , 0
1 , 2065 , 0
1 , 2029 , 0
1 , 2540 , 1
5 , 2912 , 0
0 , 4126 , 1
7 , 2489 , 0
2 , 2306 , 1
3 , 2812 , 1
1 , 2921 , 0
1 , 3456 , 1
5 , 7152 , 0
2 , 3562 , 0
1 , 3457 , 0
2 , 13352 , 0
1 , 5857 , 2
2 , 4613 , 0
2 , 22137 , 1
2 , 6279 , 0
2 , 4393 , 1
3 , 2985 , 0
1 , 2831 , 0
2 , 2137 , 1
1 , 2619 , 1
1 , 2098 , 0
1 , 2608 , 0
2 , 2590 , 0
1 , 2713 , 1
3 , 3143 , 1
1 , 4100 , 1
1 , 4213 , 0
1 , 4457 , 1
2 , 3601 , 0
2 , 4308 , 0
1 , 5892 , 2
1 , 5140 , 0
2 , 4745 , 0
1 , 6040 , 0
3 , 4765 , 4
2 , 5324 , 2
1 , 51090 , 0
3 , 4798 , 0
2 , 6715 , 0
2 , 5522 , 0
2 , 4467 , 0
1 , 5407 , 0
1 , 4348 , 0
2 , 4569 , 0
4 , 4342 , 1
1 , 3864 , 2
1 , 5127 , 1
3 , 9896 , 0
2 , 7108 , 1
2 , 4106 , 2
4 , 3946 , 0
5 , 4119 , 2
2 , 4536 , 0
4 , 7693 , 0
2 , 6146 , 0
1 , 4693 , 1
3 , 5961 , 1
1 , 4089 , 0
3 , 4151 , 0
2 , 5030 , 0
2 , 3620 , 1
1 , 4746 , 0
5 , 5365 , 1
1 , 28967 , 1
4 , 5290 , 0
1 , 5836 , 0
1 , 6192 , 0
1 , 4565 , 0
7 , 4397 , 1
1 , 5118 , 0
11 , 4613 , 1
2 , 7209 , 0
1 , 4368 , 0
2 , 5027 , 0
1 , 5410 , 0
1 , 4903 , 1
1 , 4794 , 0
1 , 5375 , 1
1 , 5368 , 1
3 , 6876 , 1
4 , 5323 , 0
1 , 6253 , 0
1 , 8759 , 0
1 , 10158 , 0
3 , 5789 , 1
1 , 6451 , 0
2 , 5315 , 0
2 , 7332 , 14
15 , 5499 , 0
1 , 31417 , 0
3 , 4975 , 0
1 , 5393 , 1
1 , 4916 , 0
1 , 4779 , 1
3 , 4222 , 1
2 , 4257 , 0
1 , 5653 , 1
2 , 6178 , 1
2 , 19826 , 1
1 , 10540 , 0
2 , 9231 , 2
8 , 6218 , 1
2 , 4537 , 0
2 , 4749 , 2
2 , 4601 , 0
3 , 10054 , 2
2 , 8327 , 0
2 , 10778 , 0
1 , 6041 , 0
1 , 5135 , 1
1 , 8022 , 1
10 , 5201 , 0
2 , 5166 , 1
3 , 8415 , 0
3 , 7944 , 1
9 , 7717 , 0
1 , 3600 , 0
2 , 41647 , 1
19 , 10770 , 0
3 , 9054 , 1
2 , 19440 , 1
8 , 9744 , 1
141 , 10372 , 1
4 , 8202 , 0
4 , 12929 , 1
9 , 11600 , 2
1 , 7574 , 0
2 , 8014 , 0
2 , 8207 , 1
2 , 10539 , 0
2 , 8954 , 0
2 , 6476 , 1
2 , 5225 , 2
3 , 4756 , 0
3 , 4904 , 0
1 , 5542 , 1
2 , 5037 , 32
4 , 14253 , 0
2 , 6392 , 0
1 , 7231 , 0
1 , 6730 , 1
1 , 6988 , 0
1 , 6283 , 2
3 , 7638 , 1
2 , 7249 , 0
0 , 183704 , 0
3 , 12799 , 1
1 , 7389 , 2
5 , 8197 , 1
1 , 7626 , 0
3 , 7025 , 1
2 , 9465 , 1
3 , 8583 , 0
4 , 7024 , 0
1 , 7159 , 1
3 , 6798 , 2
1 , 8305 , 0
2 , 8004 , 1
7 , 7842 , 0
34 , 7660 , 1
2 , 6261 , 2
2 , 8083 , 0
4 , 7532 , 0
2 , 7630 , 1
6 , 9084 , 1
19 , 6880 , 0
6 , 8595 , 1
2 , 7541 , 0
1 , 8488 , 0
2 , 6268 , 0
2 , 6235 , 1
3 , 6762 , 1
2 , 7399 , 0
1 , 4847 , 2
7 , 4693 , 0
3 , 57514 , 1
3 , 14211 , 1
2 , 9814 , 1
18 , 9150 , 2
4 , 9228 , 0
1 , 7939 , 0
3 , 8786 , 0
2 , 7458 , 2
1 , 6401 , 0
1 , 6150 , 0
1 , 11152 , 1
1 , 5472 , 0
2 , 6918 , 1
3 , 10802 , 0
11 , 5799 , 1
2 , 6178 , 0
1 , 3780017 , 6
8 , 23620 , 4
10 , 59855 , 0
2 , 20764 , 1
2 , 10496 , 0
15 , 38300 , 0
4 , 19527 , 1
5 , 2570867 , 0
14 , 8271 , 4
1 , 357882 , 7
12 , 7458 , 1
3 , 7881 , 0
1 , 6921 , 1
2 , 12351 , 0
2 , 6917 , 1
1 , 8347 , 2
2 , 6292 , 0
4 , 6377 , 0
4 , 6709 , 1
1 , 5998 , 2
1 , 9798 , 0
1 , 8203 , 0
1 , 7250 , 2
1 , 270515 , 3
9 , 8535 , 2
1 , 10219 , 0
2 , 7947 , 0
6 , 10515 , 0
7 , 7066 , 0
3 , 5611 , 0
1 , 4927 , 0
1 , 5265 , 0
1 , 5017 , 0
1 , 6080 , 1
2 , 8749 , 0
2 , 7897 , 0
5 , 7018 , 0
2 , 6571 , 0
2 , 7489 , 0
4 , 7640 , 2
2 , 7998 , 1
3 , 9823 , 2
4 , 8623 , 0
3 , 7332 , 1
1 , 6942 , 2
2 , 8248 , 0
6 , 8146 , 3
1 , 8928 , 1
4 , 9725 , 1
3 , 10706 , 2
3 , 55010 , 1
2 , 10242 , 0
25 , 7758 , 0
3 , 7600 , 1
1 , 7075 , 0
2 , 6565 , 0
1 , 8841 , 1
1 , 12130 , 1
2 , 11470 , 0
3 , 7563 , 1
1 , 7003 , 2
1 , 6826 , 1
8 , 8834 , 0
2 , 12092 , 0
2 , 7642 , 0
1 , 7250 , 1
2 , 6893 , 0
3 , 6350 , 0
1 , 6298 , 0
1 , 6493 , 1
1 , 6826 , 0
2 , 7993 , 0
1 , 9230 , 2
2 , 8531 , 3
1 , 8525 , 2
1 , 8080 , 0
2 , 9290 , 0
8 , 6857 , 1
2 , 3529 , 1
2 , 46557 , 2
3 , 9873 , 0
2 , 8823 , 1
3 , 8903 , 0
2 , 6396 , 0
4 , 6979 , 0
3 , 8702 , 1
1 , 8376 , 1
2 , 13095 , 1
2 , 8884 , 1
2 , 10966 , 0
2 , 5336 , 0
3 , 5207 , 0
1 , 9154 , 1
2 , 7618 , 0
3 , 6872 , 1
1 , 6104 , 0
4 , 6279 , 1
3 , 6320 , 0
4 , 7280 , 1
1 , 6772 , 2
2 , 6867 , 0
1 , 6335 , 0
5 , 8634 , 1
5 , 6765 , 0
2 , 6404 , 1
1 , 6232 , 1
9 , 5834 , 0
2 , 42340 , 1
5 , 8205 , 0
1 , 7071 , 0
2 , 8260 , 1
17 , 5849 , 1
2 , 6305 , 0
3 , 6021 , 0
2 , 6245 , 0
17 , 6484 , 2
2 , 5994 , 0
1 , 6834 , 0
3 , 5818 , 0
2 , 8793 , 3
8 , 6651 , 1
1 , 6075 , 1
4 , 5708 , 1
1 , 8755 , 1
1 , 8636 , 1
2 , 8384 , 2
1 , 6511 , 3
2 , 8639 , 1
4 , 6404 , 1
2 , 5715 , 0
1 , 7045 , 1
2 , 6272 , 0
2 , 6481 , 0
1 , 5728 , 1
1 , 6112 , 0
2 , 6207 , 0
6 , 7885 , 1
4 , 3515 , 0
1 , 201322 , 1
7 , 7076 , 0
2 , 6472 , 0
2 , 7204 , 0
1 , 7899 , 0
3 , 8928 , 0
3 , 6946 , 0
1 , 7605 , 0
3 , 7935 , 0
1 , 7967 , 0
1 , 7361 , 0
2 , 8061 , 0
3 , 7045 , 0
2 , 11536 , 6
6 , 8063 , 1
2 , 7493 , 0
1 , 9001 , 0
2 , 8127 , 0
2 , 7078 , 0
1 , 9525 , 1
1 , 9527 , 0
1 , 8008 , 0
3 , 8416 , 0
1 , 8776 , 0
1 , 8761 , 1
3 , 11262 , 0
9 , 12450 , 0
3 , 7056 , 0
1 , 7389 , 0
2 , 44491 , 1
6 , 7091 , 0
1 , 7196 , 1
3 , 7165 , 0
6 , 6932 , 0
2 , 6716 , 0
2 , 6792 , 0
4 , 6299 , 0
9 , 11794 , 1
5 , 8103 , 1
2 , 7582 , 1
3 , 6384 , 0
1 , 7083 , 0
1 , 7631 , 1
2 , 7164 , 0
2 , 6901 , 0
1 , 7687 , 0
1 , 6597 , 0
1 , 7215 , 0
2 , 6431 , 0
1 , 8097 , 0
1 , 8633 , 1
2 , 8430 , 0
1 , 7348 , 0
3 , 9778 , 1
4 , 7814 , 1
3 , 6867 , 0
1 , 7276 , 1
1 , 9187 , 0
1 , 7533 , 1
11 , 3918 , 1
1 , 51192 , 1
4 , 7800 , 0
2 , 7267 , 0
4 , 8491 , 1
6 , 6889 , 0
3 , 8785 , 2
4 , 7245 , 0
2 , 7288 , 0
2 , 8213 , 2
1 , 7252 , 1
1 , 6933 , 1
4 , 8175 , 1
5 , 6826 , 0
1 , 7002 , 0
2 , 6395 , 1
3 , 6658 , 0
2 , 6944 , 0
4 , 7197 , 0
1 , 6658 , 0
2 , 7196 , 2
3 , 8892 , 0
1 , 7214 , 1
4 , 10069 , 0
4 , 8255 , 0
3 , 7249 , 1
4 , 7220 , 2
3 , 7207 , 0
1 , 8819 , 1
4 , 6888 , 0
4 , 7252 , 1
4 , 188698 , 1
8 , 8209 , 1
1 , 7265 , 0
2 , 8378 , 0
1 , 8528 , 0
7 , 9139 , 1
2 , 8426 , 1
1 , 8826 , 0
1 , 8772 , 0
1 , 11791 , 0
1 , 7564 , 1
3 , 7179 , 0
1 , 8927 , 1
2 , 7904 , 0
4 , 7169 , 1
5 , 8165 , 0
1 , 7454 , 0
2 , 9396 , 1
3 , 8558 , 2
2 , 10434 , 0
2 , 9130 , 0
1 , 8448 , 1
6 , 11124 , 0
1 , 11643 , 1
1 , 13871 , 1
5 , 10370 , 0
2 , 9797 , 0
1 , 10700 , 0
3 , 10623 , 3
2 , 10599 , 0
2 , 10993 , 1
3 , 7884 , 0
1 , 55419 , 0
7 , 7858 , 2
1 , 7147 , 2
4 , 8189 , 2
2 , 7845 , 0
2 , 7855 , 3
3 , 8672 , 1
7 , 9495 , 1
3 , 9189 , 0
4 , 9587 , 1
3 , 12296 , 0
4 , 8646 , 0
2 , 8281 , 2
1 , 12214 , 0
1 , 10166 , 0
3 , 8850 , 1
2 , 7856 , 0
1 , 8293 , 0
16 , 8122 , 0
2 , 7999 , 0
3 , 9307 , 0
2 , 10522 , 0
2 , 10034 , 0
1 , 8256 , 3
1 , 9804 , 1
1 , 8988 , 0
1 , 14061 , 0
1 , 8181 , 3
54 , 75284 , 6
2 , 14317 , 1
1 , 10267 , 2
1 , 8605 , 2
2 , 11447 , 1
3 , 9004 , 2
3 , 11056 , 2
3 , 12529 , 1
3 , 10339 , 0
2 , 9570 , 2
5 , 11179 , 0
2 , 9263 , 1
2 , 9094 , 0
2 , 12303 , 0
4 , 10443 , 1
4 , 10087 , 0
1 , 10616 , 0
3 , 11011 , 2
4 , 9291 , 1
4 , 10553 , 1
2 , 11234 , 1
2 , 9322 , 2
1 , 11563 , 0
2 , 22694 , 1
7 , 14055 , 0
4 , 24262 , 0
33 , 22236 , 2
4 , 18383 , 0
2 , 38752 , 0
19 , 17114 , 0
