Load, Inserted bitset computation, Update ASTree, Number of evidence vectors
4 , 18 , 39 , 339
4 , 23 , 44 , 335
5 , 12 , 27 , 283
2 , 39 , 35 , 322
2 , 14 , 26 , 342
2 , 15 , 27 , 337
2 , 13 , 172 , 265
3 , 10 , 14 , 322
2 , 9 , 12 , 375
1 , 30 , 14 , 408
2 , 38 , 446 , 468
1 , 10 , 16 , 379
0 , 13 , 9 , 221
0 , 21 , 17 , 231
2 , 17 , 41 , 193
6 , 40 , 86 , 290
2 , 59 , 935 , 263
1 , 18 , 18 , 366
1 , 24 , 14 , 219
1 , 21 , 23 , 390
1 , 33 , 17 , 268
4 , 37 , 8 , 187
1 , 29 , 21 , 211
4 , 997 , 13 , 222
1 , 21 , 16 , 313
2 , 26 , 26 , 294
1 , 28 , 55 , 350
0 , 30 , 22 , 272
3 , 42 , 138 , 441
1 , 36 , 1031 , 302
0 , 26 , 37 , 248
2 , 31 , 35 , 299
1 , 36 , 43 , 392
2 , 37 , 43 , 356
1 , 40 , 630 , 402
1 , 42 , 41 , 387
0 , 42 , 42 , 330
2 , 46 , 43 , 274
2 , 50 , 225 , 397
0 , 51 , 3822 , 364
1 , 41 , 53 , 378
2 , 56 , 54 , 367
1 , 53 , 68 , 270
1 , 52 , 42 , 271
1 , 54 , 1495 , 205
0 , 75 , 53 , 366
1 , 52 , 50 , 278
1 , 57 , 44 , 261
1 , 59 , 68 , 247
1 , 82 , 125 , 355
1 , 56 , 60 , 393
1 , 65 , 5898 , 300
1 , 51 , 59 , 336
1 , 64 , 67 , 437
2 , 90 , 63 , 331
2 , 68 , 46 , 285
3 , 74 , 64 , 366
1 , 76 , 9736 , 394
1 , 80 , 72 , 249
1 , 87 , 79 , 182
1 , 79 , 102 , 363
0 , 78 , 63 , 271
1 , 84 , 68 , 309
1 , 79 , 76 , 352
1 , 88 , 54 , 243
8 , 154 , 53 , 212
1 , 93 , 5645 , 200
2 , 89 , 191 , 254
2 , 83 , 60 , 269
1 , 84 , 55 , 233
2 , 200 , 121 , 354
8 , 126 , 222 , 263
2 , 133 , 126 , 177
2 , 96 , 230 , 283
1 , 108 , 73 , 244
1 , 94 , 84 , 274
1 , 97 , 1886 , 181
0 , 101 , 55 , 193
1 , 105 , 36 , 168
1 , 122 , 45 , 200
1 , 92 , 37 , 167
1 , 142 , 53 , 203
0 , 99 , 37 , 221
0 , 114 , 60 , 223
1 , 103 , 62 , 217
2 , 106 , 61 , 229
1 , 111 , 73 , 235
2 , 132 , 110 , 403
1 , 110 , 11363 , 322
1 , 149 , 557 , 357
2 , 217 , 685 , 289
1 , 148 , 301 , 246
1 , 128 , 185 , 193
1 , 147 , 234 , 245
1 , 130 , 483 , 257
2 , 181 , 467 , 352
2 , 188 , 643 , 305
2 , 190 , 42103 , 254
1 , 383 , 1423 , 284
0 , 19 , 110 , 28
