Load, Inserted bitset computation, Update ASTree
20 , 232 , 7
13 , 323 , 7
4 , 437 , 2
5 , 600 , 3
2 , 743 , 6
3 , 887 , 4
4 , 613 , 3
2 , 931 , 6
3 , 1160 , 3
2 , 1050 , 3
3 , 1085 , 4
2 , 1631 , 5
3 , 1630 , 4
3 , 2275 , 3
3 , 1646 , 4
1 , 1941 , 4
2 , 2218 , 3
2 , 1961 , 4
1 , 8009 , 4
1 , 2123 , 4
2 , 2661 , 4
3 , 2377 , 4
3 , 2749 , 4
3 , 3414 , 3
2 , 2676 , 7
3 , 3066 , 4
2 , 2794 , 4
2 , 3860 , 3
2 , 4789 , 3
2 , 3246 , 5
3 , 3501 , 5
2 , 3590 , 4
2 , 3651 , 5
2 , 3796 , 4
2 , 3693 , 5
2 , 4086 , 3
2 , 3791 , 4
2 , 4056 , 5
2 , 4263 , 4
1 , 4046 , 5
2 , 4447 , 4
2 , 4108 , 5
2 , 14701 , 5
2 , 6504 , 3
2 , 4527 , 5
2 , 4845 , 4
2 , 5160 , 4
1 , 4804 , 5
2 , 6387 , 3
4 , 4962 , 5
3 , 5716 , 4
2 , 5114 , 6
2 , 6691 , 3
2 , 7342 , 26
2 , 9057 , 6
4 , 7202 , 5
2 , 5677 , 6
2 , 7557 , 4
3 , 5771 , 5
2 , 6633 , 4
1 , 6304 , 6
3 , 8278 , 4
3 , 6159 , 5
1 , 119235 , 12
